id	chrom	len	cumlen
scaffold_group001	ScTjWWh_1-HRSCAF-1	1806	1806
scaffold_group001	ScTjWWh_2-HRSCAF-5	3488	5294
scaffold_group001	ScTjWWh_3-HRSCAF-7	1436	6730
scaffold_group001	ScTjWWh_4-HRSCAF-8	1588	8318
scaffold_group001	ScTjWWh_5-HRSCAF-10	1098	9416
scaffold_group001	ScTjWWh_6-HRSCAF-13	1835	11251
scaffold_group001	ScTjWWh_7-HRSCAF-14	1442	12693
scaffold_group001	ScTjWWh_8-HRSCAF-16	1681	14374
scaffold_group001	ScTjWWh_9-HRSCAF-20	7770	22144
scaffold_group001	ScTjWWh_10-HRSCAF-21	1369	23513
scaffold_group001	ScTjWWh_11-HRSCAF-22	4234	27747
scaffold_group001	ScTjWWh_12-HRSCAF-23	2044	29791
scaffold_group001	ScTjWWh_13-HRSCAF-25	3433	33224
scaffold_group001	ScTjWWh_14-HRSCAF-27	3001	36225
scaffold_group001	ScTjWWh_15-HRSCAF-29	2296	38521
scaffold_group001	ScTjWWh_16-HRSCAF-30	3268	41789
scaffold_group001	ScTjWWh_17-HRSCAF-35	1982	43771
scaffold_group001	ScTjWWh_18-HRSCAF-36	1048	44819
scaffold_group001	ScTjWWh_19-HRSCAF-38	1050	45869
scaffold_group001	ScTjWWh_20-HRSCAF-40	19864	65733
scaffold_group001	ScTjWWh_21-HRSCAF-41	7047	72780
scaffold_group001	ScTjWWh_22-HRSCAF-42	1999	74779
scaffold_group001	ScTjWWh_23-HRSCAF-43	3294	78073
scaffold_group001	ScTjWWh_24-HRSCAF-45	3857	81930
scaffold_group001	ScTjWWh_25-HRSCAF-46	1781	83711
scaffold_group001	ScTjWWh_26-HRSCAF-47	2084	85795
scaffold_group001	ScTjWWh_27-HRSCAF-48	1299	87094
scaffold_group001	ScTjWWh_28-HRSCAF-49	2921	90015
scaffold_group001	ScTjWWh_29-HRSCAF-50	1211	91226
scaffold_group001	ScTjWWh_30-HRSCAF-51	3333	94559
scaffold_group002	ScTjWWh_31-HRSCAF-53	2707	97266
scaffold_group002	ScTjWWh_32-HRSCAF-55	5523	102789
scaffold_group002	ScTjWWh_33-HRSCAF-57	9167	111956
scaffold_group002	ScTjWWh_34-HRSCAF-58	7300	119256
scaffold_group002	ScTjWWh_35-HRSCAF-59	1205	120461
scaffold_group002	ScTjWWh_36-HRSCAF-61	1777	122238
scaffold_group002	ScTjWWh_37-HRSCAF-62	1142	123380
scaffold_group002	ScTjWWh_38-HRSCAF-63	3682	127062
scaffold_group002	ScTjWWh_39-HRSCAF-66	2738	129800
scaffold_group002	ScTjWWh_40-HRSCAF-68	2610	132410
scaffold_group002	ScTjWWh_41-HRSCAF-70	2856	135266
scaffold_group002	ScTjWWh_42-HRSCAF-72	3128	138394
scaffold_group002	ScTjWWh_43-HRSCAF-78	1461	139855
scaffold_group002	ScTjWWh_44-HRSCAF-80	2832	142687
scaffold_group002	ScTjWWh_45-HRSCAF-81	5726	148413
scaffold_group002	ScTjWWh_46-HRSCAF-85	1260	149673
scaffold_group002	ScTjWWh_47-HRSCAF-87	1978	151651
scaffold_group002	ScTjWWh_48-HRSCAF-90	4701	156352
scaffold_group002	ScTjWWh_49-HRSCAF-93	3258	159610
scaffold_group002	ScTjWWh_50-HRSCAF-96	1123	160733
scaffold_group002	ScTjWWh_51-HRSCAF-97	1193	161926
scaffold_group002	ScTjWWh_52-HRSCAF-98	2845	164771
scaffold_group002	ScTjWWh_53-HRSCAF-100	1310	166081
scaffold_group002	ScTjWWh_54-HRSCAF-101	1693	167774
scaffold_group002	ScTjWWh_55-HRSCAF-102	5893	173667
scaffold_group002	ScTjWWh_56-HRSCAF-103	1160	174827
scaffold_group002	ScTjWWh_57-HRSCAF-104	1428	176255
scaffold_group002	ScTjWWh_58-HRSCAF-105	2892	179147
scaffold_group002	ScTjWWh_59-HRSCAF-106	2129	181276
scaffold_group002	ScTjWWh_60-HRSCAF-107	1085	182361
scaffold_group003	ScTjWWh_61-HRSCAF-109	3119	185480
scaffold_group003	ScTjWWh_62-HRSCAF-110	4094	189574
scaffold_group003	ScTjWWh_63-HRSCAF-115	1360	190934
scaffold_group003	ScTjWWh_64-HRSCAF-116	10113	201047
scaffold_group003	ScTjWWh_65-HRSCAF-117	8055	209102
scaffold_group003	ScTjWWh_66-HRSCAF-119	2085	211187
scaffold_group003	ScTjWWh_67-HRSCAF-121	1849	213036
scaffold_group003	ScTjWWh_68-HRSCAF-123	1594	214630
scaffold_group003	ScTjWWh_69-HRSCAF-125	1790	216420
scaffold_group003	ScTjWWh_70-HRSCAF-126	2242	218662
scaffold_group003	ScTjWWh_71-HRSCAF-127	1237	219899
scaffold_group003	ScTjWWh_72-HRSCAF-129	3391	223290
scaffold_group003	ScTjWWh_73-HRSCAF-131	1029	224319
scaffold_group003	ScTjWWh_74-HRSCAF-132	2111	226430
scaffold_group003	ScTjWWh_75-HRSCAF-133	11892	238322
scaffold_group003	ScTjWWh_76-HRSCAF-134	1318	239640
scaffold_group003	ScTjWWh_77-HRSCAF-136	1487	241127
scaffold_group003	ScTjWWh_78-HRSCAF-137	11331	252458
scaffold_group003	ScTjWWh_79-HRSCAF-139	1878	254336
scaffold_group003	ScTjWWh_80-HRSCAF-140	2031	256367
scaffold_group003	ScTjWWh_81-HRSCAF-141	1440	257807
scaffold_group003	ScTjWWh_82-HRSCAF-143	1171	258978
scaffold_group003	ScTjWWh_83-HRSCAF-144	4139	263117
scaffold_group003	ScTjWWh_84-HRSCAF-146	1578	264695
scaffold_group003	ScTjWWh_85-HRSCAF-147	7826	272521
scaffold_group003	ScTjWWh_86-HRSCAF-150	4472	276993
scaffold_group003	ScTjWWh_87-HRSCAF-153	1206	278199
scaffold_group003	ScTjWWh_88-HRSCAF-154	1881	280080
scaffold_group003	ScTjWWh_89-HRSCAF-159	7437	287517
scaffold_group003	ScTjWWh_90-HRSCAF-160	2313	289830
scaffold_group004	ScTjWWh_91-HRSCAF-163	2593	292423
scaffold_group004	ScTjWWh_92-HRSCAF-165	2580	295003
scaffold_group004	ScTjWWh_93-HRSCAF-167	3583	298586
scaffold_group004	ScTjWWh_94-HRSCAF-168	4765	303351
scaffold_group004	ScTjWWh_95-HRSCAF-170	1352	304703
scaffold_group004	ScTjWWh_96-HRSCAF-171	1224	305927
scaffold_group004	ScTjWWh_97-HRSCAF-172	4027	309954
scaffold_group004	ScTjWWh_98-HRSCAF-173	1429	311383
scaffold_group004	ScTjWWh_99-HRSCAF-174	1768	313151
scaffold_group004	ScTjWWh_100-HRSCAF-175	1438	314589
scaffold_group004	ScTjWWh_101-HRSCAF-176	1049	315638
scaffold_group004	ScTjWWh_102-HRSCAF-179	2540	318178
scaffold_group004	ScTjWWh_103-HRSCAF-180	2367	320545
scaffold_group004	ScTjWWh_104-HRSCAF-181	1332	321877
scaffold_group004	ScTjWWh_105-HRSCAF-182	2171	324048
scaffold_group004	ScTjWWh_106-HRSCAF-183	1195	325243
scaffold_group004	ScTjWWh_107-HRSCAF-184	1007	326250
scaffold_group004	ScTjWWh_108-HRSCAF-186	3418	329668
scaffold_group004	ScTjWWh_109-HRSCAF-188	1342	331010
scaffold_group004	ScTjWWh_110-HRSCAF-190	3132	334142
scaffold_group004	ScTjWWh_111-HRSCAF-191	1717	335859
scaffold_group004	ScTjWWh_112-HRSCAF-192	4373	340232
scaffold_group004	ScTjWWh_113-HRSCAF-193	1351	341583
scaffold_group004	ScTjWWh_114-HRSCAF-194	1579	343162
scaffold_group004	ScTjWWh_115-HRSCAF-197	1800	344962
scaffold_group004	ScTjWWh_116-HRSCAF-198	7570	352532
scaffold_group004	ScTjWWh_117-HRSCAF-199	2485	355017
scaffold_group004	ScTjWWh_118-HRSCAF-200	2217	357234
scaffold_group004	ScTjWWh_119-HRSCAF-201	4047	361281
scaffold_group004	ScTjWWh_120-HRSCAF-203	1422	362703
scaffold_group005	ScTjWWh_121-HRSCAF-207	2432	365135
scaffold_group005	ScTjWWh_122-HRSCAF-208	1169	366304
scaffold_group005	ScTjWWh_123-HRSCAF-209	1154	367458
scaffold_group005	ScTjWWh_124-HRSCAF-212	1457	368915
scaffold_group005	ScTjWWh_125-HRSCAF-216	1005	369920
scaffold_group005	ScTjWWh_126-HRSCAF-220	1185	371105
scaffold_group005	ScTjWWh_127-HRSCAF-221	1191	372296
scaffold_group005	ScTjWWh_128-HRSCAF-222	2665	374961
scaffold_group005	ScTjWWh_130-HRSCAF-224	1388	16508725
scaffold_group005	ScTjWWh_131-HRSCAF-227	1383	16510108
scaffold_group005	ScTjWWh_132-HRSCAF-228	1206	16511314
scaffold_group005	ScTjWWh_133-HRSCAF-229	1387	16512701
scaffold_group005	ScTjWWh_134-HRSCAF-232	6308	16519009
scaffold_group005	ScTjWWh_135-HRSCAF-234	1191	16520200
scaffold_group005	ScTjWWh_136-HRSCAF-236	5217	16525417
scaffold_group005	ScTjWWh_137-HRSCAF-237	2245	16527662
scaffold_group005	ScTjWWh_138-HRSCAF-239	1311	16528973
scaffold_group005	ScTjWWh_139-HRSCAF-240	2956	16531929
scaffold_group005	ScTjWWh_140-HRSCAF-244	635572	17167501
scaffold_group005	ScTjWWh_141-HRSCAF-250	3009	17170510
scaffold_group005	ScTjWWh_142-HRSCAF-251	1760	17172270
scaffold_group005	ScTjWWh_143-HRSCAF-253	1630	17173900
scaffold_group005	ScTjWWh_144-HRSCAF-256	2717	17176617
scaffold_group005	ScTjWWh_145-HRSCAF-257	1082	17177699
scaffold_group005	ScTjWWh_146-HRSCAF-260	1886	17179585
scaffold_group005	ScTjWWh_147-HRSCAF-263	2024	17181609
scaffold_group005	ScTjWWh_148-HRSCAF-264	1737	17183346
scaffold_group005	ScTjWWh_150-HRSCAF-268	23493	89178331
scaffold_group005	ScTjWWh_151-HRSCAF-270	2433	89180764
scaffold_group005	ScTjWWh_152-HRSCAF-271	4498	89185262
scaffold_group006	ScTjWWh_153-HRSCAF-275	4439	89189701
scaffold_group006	ScTjWWh_154-HRSCAF-279	1428	89191129
scaffold_group006	ScTjWWh_155-HRSCAF-281	1998	89193127
scaffold_group006	ScTjWWh_156-HRSCAF-285	1389	89194516
scaffold_group006	ScTjWWh_157-HRSCAF-286	1677	89196193
scaffold_group006	ScTjWWh_158-HRSCAF-288	1332	89197525
scaffold_group006	ScTjWWh_159-HRSCAF-289	2309	89199834
scaffold_group006	ScTjWWh_160-HRSCAF-290	4398	89204232
scaffold_group006	ScTjWWh_161-HRSCAF-291	1762	89205994
scaffold_group006	ScTjWWh_162-HRSCAF-294	1411	89207405
scaffold_group006	ScTjWWh_163-HRSCAF-296	5558	89212963
scaffold_group006	ScTjWWh_164-HRSCAF-297	1334	89214297
scaffold_group006	ScTjWWh_165-HRSCAF-298	1654	89215951
scaffold_group006	ScTjWWh_166-HRSCAF-299	1344	89217295
scaffold_group006	ScTjWWh_167-HRSCAF-300	1103	89218398
scaffold_group006	ScTjWWh_168-HRSCAF-301	1397	89219795
scaffold_group006	ScTjWWh_169-HRSCAF-302	7586	89227381
scaffold_group006	ScTjWWh_170-HRSCAF-305	1335	89228716
scaffold_group006	ScTjWWh_171-HRSCAF-306	1440	89230156
scaffold_group006	ScTjWWh_172-HRSCAF-310	5239	89235395
scaffold_group006	ScTjWWh_173-HRSCAF-311	3497	89238892
scaffold_group006	ScTjWWh_174-HRSCAF-312	2167	89241059
scaffold_group006	ScTjWWh_175-HRSCAF-314	2806	89243865
scaffold_group006	ScTjWWh_176-HRSCAF-317	2927	89246792
scaffold_group006	ScTjWWh_177-HRSCAF-320	1306	89248098
scaffold_group006	ScTjWWh_178-HRSCAF-321	1146	89249244
scaffold_group006	ScTjWWh_179-HRSCAF-322	7282	89256526
scaffold_group006	ScTjWWh_180-HRSCAF-323	2435	89258961
scaffold_group006	ScTjWWh_181-HRSCAF-324	8599	89267560
scaffold_group006	ScTjWWh_182-HRSCAF-325	1509	89269069
scaffold_group007	ScTjWWh_183-HRSCAF-326	2266	89271335
scaffold_group007	ScTjWWh_184-HRSCAF-327	5564	89276899
scaffold_group007	ScTjWWh_185-HRSCAF-328	2306	89279205
scaffold_group007	ScTjWWh_186-HRSCAF-331	1903	89281108
scaffold_group007	ScTjWWh_187-HRSCAF-332	3510	89284618
scaffold_group007	ScTjWWh_188-HRSCAF-333	1141	89285759
scaffold_group007	ScTjWWh_189-HRSCAF-334	2452	89288211
scaffold_group007	ScTjWWh_190-HRSCAF-336	1767	89289978
scaffold_group007	ScTjWWh_191-HRSCAF-337	1857	89291835
scaffold_group007	ScTjWWh_192-HRSCAF-338	1214	89293049
scaffold_group007	ScTjWWh_193-HRSCAF-343	2841	89295890
scaffold_group007	ScTjWWh_194-HRSCAF-344	1639	89297529
scaffold_group007	ScTjWWh_195-HRSCAF-345	1116	89298645
scaffold_group007	ScTjWWh_196-HRSCAF-346	1480	89300125
scaffold_group007	ScTjWWh_197-HRSCAF-350	1608	89301733
scaffold_group007	ScTjWWh_198-HRSCAF-352	1873	89303606
scaffold_group007	ScTjWWh_199-HRSCAF-355	2343	89305949
scaffold_group007	ScTjWWh_200-HRSCAF-356	1503	89307452
scaffold_group007	ScTjWWh_201-HRSCAF-357	1993	89309445
scaffold_group007	ScTjWWh_202-HRSCAF-358	3018	89312463
scaffold_group007	ScTjWWh_203-HRSCAF-359	2094	89314557
scaffold_group007	ScTjWWh_204-HRSCAF-360	1590	89316147
scaffold_group007	ScTjWWh_205-HRSCAF-361	1065	89317212
scaffold_group007	ScTjWWh_206-HRSCAF-362	1232	89318444
scaffold_group007	ScTjWWh_207-HRSCAF-363	1667	89320111
scaffold_group007	ScTjWWh_208-HRSCAF-364	1516	89321627
scaffold_group007	ScTjWWh_209-HRSCAF-367	1721	89323348
scaffold_group007	ScTjWWh_210-HRSCAF-371	1287	89324635
scaffold_group007	ScTjWWh_211-HRSCAF-372	1735	89326370
scaffold_group007	ScTjWWh_212-HRSCAF-373	1405	89327775
scaffold_group008	ScTjWWh_213-HRSCAF-374	1561	89329336
scaffold_group008	ScTjWWh_214-HRSCAF-375	2429	89331765
scaffold_group008	ScTjWWh_215-HRSCAF-376	1292	89333057
scaffold_group008	ScTjWWh_216-HRSCAF-378	1463	89334520
scaffold_group008	ScTjWWh_217-HRSCAF-380	1044	89335564
scaffold_group008	ScTjWWh_218-HRSCAF-382	2259	89337823
scaffold_group008	ScTjWWh_219-HRSCAF-383	1753	89339576
scaffold_group008	ScTjWWh_220-HRSCAF-384	4520	89344096
scaffold_group008	ScTjWWh_221-HRSCAF-385	1799	89345895
scaffold_group008	ScTjWWh_222-HRSCAF-386	1726	89347621
scaffold_group008	ScTjWWh_223-HRSCAF-387	1330	89348951
scaffold_group008	ScTjWWh_224-HRSCAF-388	2403	89351354
scaffold_group008	ScTjWWh_225-HRSCAF-389	1068	89352422
scaffold_group008	ScTjWWh_226-HRSCAF-390	1480	89353902
scaffold_group008	ScTjWWh_227-HRSCAF-391	22029	89375931
scaffold_group008	ScTjWWh_228-HRSCAF-393	1375	89377306
scaffold_group008	ScTjWWh_229-HRSCAF-396	1076	89378382
scaffold_group008	ScTjWWh_230-HRSCAF-398	3584	89381966
scaffold_group008	ScTjWWh_231-HRSCAF-399	1490	89383456
scaffold_group008	ScTjWWh_232-HRSCAF-400	3188	89386644
scaffold_group008	ScTjWWh_233-HRSCAF-403	3260	89389904
scaffold_group008	ScTjWWh_234-HRSCAF-404	1898	89391802
scaffold_group008	ScTjWWh_235-HRSCAF-405	2061	89393863
scaffold_group008	ScTjWWh_236-HRSCAF-407	2810	89396673
scaffold_group008	ScTjWWh_237-HRSCAF-408	4123	89400796
scaffold_group008	ScTjWWh_238-HRSCAF-410	4302	89405098
scaffold_group008	ScTjWWh_239-HRSCAF-412	1045	89406143
scaffold_group008	ScTjWWh_240-HRSCAF-415	1528	89407671
scaffold_group008	ScTjWWh_241-HRSCAF-416	3446	89411117
scaffold_group008	ScTjWWh_242-HRSCAF-417	7073	89418190
scaffold_group009	ScTjWWh_243-HRSCAF-418	2666	89420856
scaffold_group009	ScTjWWh_244-HRSCAF-419	1029	89421885
scaffold_group009	ScTjWWh_245-HRSCAF-420	2176	89424061
scaffold_group009	ScTjWWh_246-HRSCAF-421	1952	89426013
scaffold_group009	ScTjWWh_247-HRSCAF-423	24858	89450871
scaffold_group009	ScTjWWh_248-HRSCAF-424	1696	89452567
scaffold_group009	ScTjWWh_249-HRSCAF-425	4711	89457278
scaffold_group009	ScTjWWh_250-HRSCAF-426	1161	89458439
scaffold_group009	ScTjWWh_251-HRSCAF-428	3110	89461549
scaffold_group009	ScTjWWh_252-HRSCAF-430	1620	89463169
scaffold_group009	ScTjWWh_253-HRSCAF-431	2613	89465782
scaffold_group009	ScTjWWh_254-HRSCAF-432	6633	89472415
scaffold_group009	ScTjWWh_255-HRSCAF-434	1494	89473909
scaffold_group009	ScTjWWh_256-HRSCAF-435	1350	89475259
scaffold_group009	ScTjWWh_257-HRSCAF-437	4339	89479598
scaffold_group009	ScTjWWh_258-HRSCAF-438	3672	89483270
scaffold_group009	ScTjWWh_259-HRSCAF-442	1979	89485249
scaffold_group009	ScTjWWh_260-HRSCAF-444	1089	89486338
scaffold_group009	ScTjWWh_261-HRSCAF-445	1188	89487526
scaffold_group009	ScTjWWh_262-HRSCAF-446	1084	89488610
scaffold_group009	ScTjWWh_263-HRSCAF-447	1814	89490424
scaffold_group009	ScTjWWh_264-HRSCAF-448	2519	89492943
scaffold_group009	ScTjWWh_265-HRSCAF-450	2441	89495384
scaffold_group009	ScTjWWh_266-HRSCAF-452	2809	89498193
scaffold_group009	ScTjWWh_267-HRSCAF-455	1757	89499950
scaffold_group009	ScTjWWh_268-HRSCAF-459	1685	89501635
scaffold_group009	ScTjWWh_269-HRSCAF-461	16848	89518483
scaffold_group009	ScTjWWh_270-HRSCAF-465	1033	89519516
scaffold_group009	ScTjWWh_271-HRSCAF-466	3382	89522898
scaffold_group009	ScTjWWh_272-HRSCAF-468	1973	89524871
scaffold_group010	ScTjWWh_273-HRSCAF-469	1648	89526519
scaffold_group010	ScTjWWh_274-HRSCAF-471	7022	89533541
scaffold_group010	ScTjWWh_275-HRSCAF-472	1538	89535079
scaffold_group010	ScTjWWh_276-HRSCAF-477	4869	89539948
scaffold_group010	ScTjWWh_277-HRSCAF-479	1319	89541267
scaffold_group010	ScTjWWh_278-HRSCAF-480	1781	89543048
scaffold_group010	ScTjWWh_279-HRSCAF-481	1207	89544255
scaffold_group010	ScTjWWh_280-HRSCAF-483	9465	89553720
scaffold_group010	ScTjWWh_281-HRSCAF-484	2983	89556703
scaffold_group010	ScTjWWh_282-HRSCAF-485	1661	89558364
scaffold_group010	ScTjWWh_283-HRSCAF-488	1676	89560040
scaffold_group010	ScTjWWh_284-HRSCAF-489	2552	89562592
scaffold_group010	ScTjWWh_285-HRSCAF-493	1750	89564342
scaffold_group010	ScTjWWh_286-HRSCAF-494	5646	89569988
scaffold_group010	ScTjWWh_287-HRSCAF-495	34270	89604258
scaffold_group010	ScTjWWh_288-HRSCAF-497	1401	89605659
scaffold_group010	ScTjWWh_289-HRSCAF-499	1027	89606686
scaffold_group010	ScTjWWh_290-HRSCAF-502	1572	89608258
scaffold_group010	ScTjWWh_291-HRSCAF-503	9720	89617978
scaffold_group010	ScTjWWh_292-HRSCAF-505	1287	89619265
scaffold_group010	ScTjWWh_293-HRSCAF-507	6706	89625971
scaffold_group010	ScTjWWh_295-HRSCAF-511	6143	107823760
scaffold_group010	ScTjWWh_296-HRSCAF-513	2972	107826732
scaffold_group010	ScTjWWh_297-HRSCAF-517	4066	107830798
scaffold_group010	ScTjWWh_298-HRSCAF-518	4819	107835617
scaffold_group010	ScTjWWh_299-HRSCAF-519	4304	107839921
scaffold_group010	ScTjWWh_300-HRSCAF-520	1799	107841720
scaffold_group010	ScTjWWh_301-HRSCAF-521	1045	107842765
scaffold_group010	ScTjWWh_302-HRSCAF-522	6869	107849634
scaffold_group010	ScTjWWh_303-HRSCAF-524	2466	107852100
scaffold_group011	ScTjWWh_304-HRSCAF-526	7901	107860001
scaffold_group011	ScTjWWh_305-HRSCAF-527	5633	107865634
scaffold_group011	ScTjWWh_306-HRSCAF-528	2030	107867664
scaffold_group011	ScTjWWh_307-HRSCAF-529	2340	107870004
scaffold_group011	ScTjWWh_308-HRSCAF-530	4828	107874832
scaffold_group011	ScTjWWh_309-HRSCAF-531	1301	107876133
scaffold_group011	ScTjWWh_310-HRSCAF-532	2067	107878200
scaffold_group011	ScTjWWh_311-HRSCAF-535	7191	107885391
scaffold_group011	ScTjWWh_312-HRSCAF-536	2697	107888088
scaffold_group011	ScTjWWh_313-HRSCAF-537	1695	107889783
scaffold_group011	ScTjWWh_314-HRSCAF-538	1606	107891389
scaffold_group011	ScTjWWh_315-HRSCAF-539	5653	107897042
scaffold_group011	ScTjWWh_316-HRSCAF-540	1045	107898087
scaffold_group011	ScTjWWh_317-HRSCAF-541	4266	107902353
scaffold_group011	ScTjWWh_318-HRSCAF-542	1470	107903823
scaffold_group011	ScTjWWh_319-HRSCAF-544	1663	107905486
scaffold_group011	ScTjWWh_320-HRSCAF-545	1608	107907094
scaffold_group011	ScTjWWh_321-HRSCAF-547	1422	107908516
scaffold_group011	ScTjWWh_322-HRSCAF-549	1121	107909637
scaffold_group011	ScTjWWh_323-HRSCAF-550	1912	107911549
scaffold_group011	ScTjWWh_324-HRSCAF-552	2422	107913971
scaffold_group011	ScTjWWh_325-HRSCAF-554	1585	107915556
scaffold_group011	ScTjWWh_326-HRSCAF-555	1677	107917233
scaffold_group011	ScTjWWh_327-HRSCAF-556	1600	107918833
scaffold_group011	ScTjWWh_328-HRSCAF-559	1891	107920724
scaffold_group011	ScTjWWh_329-HRSCAF-563	2434	107923158
scaffold_group011	ScTjWWh_330-HRSCAF-567	2292	107925450
scaffold_group011	ScTjWWh_331-HRSCAF-568	7264	107932714
scaffold_group011	ScTjWWh_332-HRSCAF-571	1439	107934153
scaffold_group011	ScTjWWh_333-HRSCAF-572	4987	107939140
scaffold_group012	ScTjWWh_334-HRSCAF-573	2569	107941709
scaffold_group012	ScTjWWh_335-HRSCAF-575	1442	107943151
scaffold_group012	ScTjWWh_336-HRSCAF-577	1163	107944314
scaffold_group012	ScTjWWh_337-HRSCAF-578	1073	107945387
scaffold_group012	ScTjWWh_338-HRSCAF-579	2197	107947584
scaffold_group012	ScTjWWh_339-HRSCAF-580	1007	107948591
scaffold_group012	ScTjWWh_340-HRSCAF-581	2175	107950766
scaffold_group012	ScTjWWh_341-HRSCAF-582	12053	107962819
scaffold_group012	ScTjWWh_342-HRSCAF-583	1227	107964046
scaffold_group012	ScTjWWh_343-HRSCAF-585	1511	107965557
scaffold_group012	ScTjWWh_344-HRSCAF-586	1085	107966642
scaffold_group012	ScTjWWh_345-HRSCAF-587	1276	107967918
scaffold_group012	ScTjWWh_346-HRSCAF-588	2211	107970129
scaffold_group012	ScTjWWh_347-HRSCAF-589	1277	107971406
scaffold_group012	ScTjWWh_348-HRSCAF-590	2510	107973916
scaffold_group012	ScTjWWh_349-HRSCAF-592	1056	107974972
scaffold_group012	ScTjWWh_350-HRSCAF-593	1077	107976049
scaffold_group012	ScTjWWh_351-HRSCAF-596	1644	107977693
scaffold_group012	ScTjWWh_352-HRSCAF-598	1875	107979568
scaffold_group012	ScTjWWh_353-HRSCAF-599	1145	107980713
scaffold_group012	ScTjWWh_354-HRSCAF-602	1397	107982110
scaffold_group012	ScTjWWh_355-HRSCAF-604	3165	107985275
scaffold_group012	ScTjWWh_356-HRSCAF-608	1868	107987143
scaffold_group012	ScTjWWh_357-HRSCAF-609	2693	107989836
scaffold_group012	ScTjWWh_358-HRSCAF-610	1067	107990903
scaffold_group012	ScTjWWh_359-HRSCAF-614	7481	107998384
scaffold_group012	ScTjWWh_360-HRSCAF-616	1014	107999398
scaffold_group012	ScTjWWh_361-HRSCAF-618	1114	108000512
scaffold_group012	ScTjWWh_362-HRSCAF-620	1076	108001588
scaffold_group012	ScTjWWh_363-HRSCAF-624	2713	108004301
scaffold_group013	ScTjWWh_364-HRSCAF-625	4380	108008681
scaffold_group013	ScTjWWh_365-HRSCAF-627	1305	108009986
scaffold_group013	ScTjWWh_366-HRSCAF-630	2149	108012135
scaffold_group013	ScTjWWh_367-HRSCAF-631	1880	108014015
scaffold_group013	ScTjWWh_368-HRSCAF-633	10526	108024541
scaffold_group013	ScTjWWh_369-HRSCAF-634	1517	108026058
scaffold_group013	ScTjWWh_370-HRSCAF-635	2507	108028565
scaffold_group013	ScTjWWh_371-HRSCAF-636	7558	108036123
scaffold_group013	ScTjWWh_372-HRSCAF-638	2454	108038577
scaffold_group013	ScTjWWh_373-HRSCAF-639	2415	108040992
scaffold_group013	ScTjWWh_374-HRSCAF-640	1090	108042082
scaffold_group013	ScTjWWh_375-HRSCAF-641	2451	108044533
scaffold_group013	ScTjWWh_377-HRSCAF-643	1316	119442534
scaffold_group013	ScTjWWh_378-HRSCAF-644	1218	119443752
scaffold_group013	ScTjWWh_379-HRSCAF-645	1388	119445140
scaffold_group013	ScTjWWh_380-HRSCAF-646	1056	119446196
scaffold_group013	ScTjWWh_381-HRSCAF-653	2218	119448414
scaffold_group013	ScTjWWh_382-HRSCAF-654	1249	119449663
scaffold_group013	ScTjWWh_383-HRSCAF-655	1982	119451645
scaffold_group013	ScTjWWh_384-HRSCAF-656	1042	119452687
scaffold_group013	ScTjWWh_385-HRSCAF-657	1912	119454599
scaffold_group013	ScTjWWh_386-HRSCAF-658	1466	119456065
scaffold_group013	ScTjWWh_387-HRSCAF-659	1109	119457174
scaffold_group013	ScTjWWh_388-HRSCAF-660	3617	119460791
scaffold_group013	ScTjWWh_389-HRSCAF-662	1525	119462316
scaffold_group013	ScTjWWh_390-HRSCAF-663	1166	119463482
scaffold_group013	ScTjWWh_391-HRSCAF-665	7272	119470754
scaffold_group013	ScTjWWh_392-HRSCAF-667	1464	119472218
scaffold_group013	ScTjWWh_393-HRSCAF-669	1591	119473809
scaffold_group013	ScTjWWh_394-HRSCAF-670	1031	119474840
scaffold_group014	ScTjWWh_395-HRSCAF-671	19339	119494179
scaffold_group014	ScTjWWh_396-HRSCAF-672	1090	119495269
scaffold_group014	ScTjWWh_397-HRSCAF-673	1386	119496655
scaffold_group014	ScTjWWh_398-HRSCAF-675	1119	119497774
scaffold_group014	ScTjWWh_399-HRSCAF-677	2862	119500636
scaffold_group014	ScTjWWh_400-HRSCAF-678	1584	119502220
scaffold_group014	ScTjWWh_401-HRSCAF-682	2842	119505062
scaffold_group014	ScTjWWh_402-HRSCAF-686	3404	119508466
scaffold_group014	ScTjWWh_403-HRSCAF-688	2478	119510944
scaffold_group014	ScTjWWh_404-HRSCAF-689	1175	119512119
scaffold_group014	ScTjWWh_405-HRSCAF-691	1208	119513327
scaffold_group014	ScTjWWh_406-HRSCAF-692	2542	119515869
scaffold_group014	ScTjWWh_407-HRSCAF-694	5688	119521557
scaffold_group014	ScTjWWh_408-HRSCAF-695	1411	119522968
scaffold_group014	ScTjWWh_409-HRSCAF-698	1680	119524648
scaffold_group014	ScTjWWh_410-HRSCAF-700	1981	119526629
scaffold_group014	ScTjWWh_411-HRSCAF-704	9620	119536249
scaffold_group014	ScTjWWh_412-HRSCAF-706	1241	119537490
scaffold_group014	ScTjWWh_413-HRSCAF-708	6806	119544296
scaffold_group014	ScTjWWh_414-HRSCAF-709	2311	119546607
scaffold_group014	ScTjWWh_415-HRSCAF-712	3833	119550440
scaffold_group014	ScTjWWh_416-HRSCAF-713	1412	119551852
scaffold_group014	ScTjWWh_417-HRSCAF-714	1290	119553142
scaffold_group014	ScTjWWh_418-HRSCAF-715	1980	119555122
scaffold_group014	ScTjWWh_419-HRSCAF-716	16867	119571989
scaffold_group014	ScTjWWh_420-HRSCAF-718	3089	119575078
scaffold_group014	ScTjWWh_421-HRSCAF-719	2442	119577520
scaffold_group014	ScTjWWh_422-HRSCAF-721	2163	119579683
scaffold_group014	ScTjWWh_423-HRSCAF-722	1111	119580794
scaffold_group014	ScTjWWh_424-HRSCAF-723	6534	119587328
scaffold_group015	ScTjWWh_425-HRSCAF-724	1301	119588629
scaffold_group015	ScTjWWh_426-HRSCAF-725	1360	119589989
scaffold_group015	ScTjWWh_427-HRSCAF-726	1423	119591412
scaffold_group015	ScTjWWh_428-HRSCAF-728	1094	119592506
scaffold_group015	ScTjWWh_429-HRSCAF-729	1382	119593888
scaffold_group015	ScTjWWh_430-HRSCAF-730	4930	119598818
scaffold_group015	ScTjWWh_431-HRSCAF-731	3587	119602405
scaffold_group015	ScTjWWh_432-HRSCAF-732	3211	119605616
scaffold_group015	ScTjWWh_433-HRSCAF-733	2939	119608555
scaffold_group015	ScTjWWh_434-HRSCAF-735	1119	119609674
scaffold_group015	ScTjWWh_435-HRSCAF-736	1612	119611286
scaffold_group015	ScTjWWh_436-HRSCAF-738	1720	119613006
scaffold_group015	ScTjWWh_437-HRSCAF-739	1615	119614621
scaffold_group015	ScTjWWh_438-HRSCAF-740	1012	119615633
scaffold_group015	ScTjWWh_439-HRSCAF-743	4035	119619668
scaffold_group015	ScTjWWh_440-HRSCAF-744	1648	119621316
scaffold_group015	ScTjWWh_441-HRSCAF-745	1822	119623138
scaffold_group015	ScTjWWh_442-HRSCAF-747	1701	119624839
scaffold_group015	ScTjWWh_443-HRSCAF-748	4639	119629478
scaffold_group015	ScTjWWh_444-HRSCAF-750	2090	119631568
scaffold_group015	ScTjWWh_445-HRSCAF-752	2405	119633973
scaffold_group015	ScTjWWh_446-HRSCAF-753	2242	119636215
scaffold_group015	ScTjWWh_447-HRSCAF-754	1256	119637471
scaffold_group015	ScTjWWh_448-HRSCAF-756	3387	119640858
scaffold_group015	ScTjWWh_449-HRSCAF-758	4854	119645712
scaffold_group015	ScTjWWh_450-HRSCAF-759	7737	119653449
scaffold_group015	ScTjWWh_451-HRSCAF-760	1099	119654548
scaffold_group015	ScTjWWh_452-HRSCAF-764	1318	119655866
scaffold_group015	ScTjWWh_453-HRSCAF-765	3778	119659644
scaffold_group015	ScTjWWh_454-HRSCAF-766	1284	119660928
scaffold_group016	ScTjWWh_455-HRSCAF-767	1085	119662013
scaffold_group016	ScTjWWh_456-HRSCAF-768	4098	119666111
scaffold_group016	ScTjWWh_457-HRSCAF-769	1116	119667227
scaffold_group016	ScTjWWh_458-HRSCAF-770	1841	119669068
scaffold_group016	ScTjWWh_459-HRSCAF-771	1002	119670070
scaffold_group016	ScTjWWh_460-HRSCAF-772	1351	119671421
scaffold_group016	ScTjWWh_461-HRSCAF-773	6506	119677927
scaffold_group016	ScTjWWh_462-HRSCAF-775	1030	119678957
scaffold_group016	ScTjWWh_463-HRSCAF-776	1159	119680116
scaffold_group016	ScTjWWh_464-HRSCAF-778	1488	119681604
scaffold_group016	ScTjWWh_465-HRSCAF-779	2067	119683671
scaffold_group016	ScTjWWh_466-HRSCAF-780	1171	119684842
scaffold_group016	ScTjWWh_467-HRSCAF-782	1891	119686733
scaffold_group016	ScTjWWh_468-HRSCAF-784	2998	119689731
scaffold_group016	ScTjWWh_469-HRSCAF-785	1046	119690777
scaffold_group016	ScTjWWh_470-HRSCAF-786	7292	119698069
scaffold_group016	ScTjWWh_471-HRSCAF-787	2720	119700789
scaffold_group016	ScTjWWh_472-HRSCAF-789	4549	119705338
scaffold_group016	ScTjWWh_473-HRSCAF-790	5235	119710573
scaffold_group016	ScTjWWh_474-HRSCAF-791	1455	119712028
scaffold_group016	ScTjWWh_475-HRSCAF-792	1039	119713067
scaffold_group016	ScTjWWh_476-HRSCAF-794	1102	119714169
scaffold_group016	ScTjWWh_477-HRSCAF-795	1162	119715331
scaffold_group016	ScTjWWh_478-HRSCAF-796	1236	119716567
scaffold_group016	ScTjWWh_479-HRSCAF-797	1300	119717867
scaffold_group016	ScTjWWh_480-HRSCAF-798	1102	119718969
scaffold_group016	ScTjWWh_481-HRSCAF-799	1932	119720901
scaffold_group016	ScTjWWh_482-HRSCAF-800	4255	119725156
scaffold_group016	ScTjWWh_483-HRSCAF-801	1071	119726227
scaffold_group016	ScTjWWh_484-HRSCAF-802	3266	119729493
scaffold_group017	ScTjWWh_485-HRSCAF-803	9721	119739214
scaffold_group017	ScTjWWh_486-HRSCAF-806	1957	119741171
scaffold_group017	ScTjWWh_487-HRSCAF-807	1345	119742516
scaffold_group017	ScTjWWh_488-HRSCAF-814	1923	119744439
scaffold_group017	ScTjWWh_489-HRSCAF-815	2257	119746696
scaffold_group017	ScTjWWh_490-HRSCAF-818	1428	119748124
scaffold_group017	ScTjWWh_491-HRSCAF-823	1484	119749608
scaffold_group017	ScTjWWh_492-HRSCAF-824	1039	119750647
scaffold_group017	ScTjWWh_493-HRSCAF-825	1281	119751928
scaffold_group017	ScTjWWh_494-HRSCAF-826	4780	119756708
scaffold_group017	ScTjWWh_495-HRSCAF-827	1352	119758060
scaffold_group017	ScTjWWh_496-HRSCAF-830	2089	119760149
scaffold_group017	ScTjWWh_497-HRSCAF-831	3742	119763891
scaffold_group017	ScTjWWh_498-HRSCAF-832	1939	119765830
scaffold_group017	ScTjWWh_499-HRSCAF-833	5476	119771306
scaffold_group017	ScTjWWh_500-HRSCAF-834	1518	119772824
scaffold_group017	ScTjWWh_501-HRSCAF-835	1443	119774267
scaffold_group017	ScTjWWh_502-HRSCAF-837	2579	119776846
scaffold_group017	ScTjWWh_503-HRSCAF-840	1053	119777899
scaffold_group017	ScTjWWh_504-HRSCAF-841	1973	119779872
scaffold_group017	ScTjWWh_505-HRSCAF-844	3240	119783112
scaffold_group017	ScTjWWh_506-HRSCAF-846	5923	119789035
scaffold_group017	ScTjWWh_507-HRSCAF-847	1161	119790196
scaffold_group017	ScTjWWh_508-HRSCAF-848	1017	119791213
scaffold_group017	ScTjWWh_509-HRSCAF-849	1259	119792472
scaffold_group017	ScTjWWh_510-HRSCAF-852	2673	119795145
scaffold_group017	ScTjWWh_511-HRSCAF-854	2098	119797243
scaffold_group017	ScTjWWh_512-HRSCAF-855	1068	119798311
scaffold_group017	ScTjWWh_513-HRSCAF-856	3682	119801993
scaffold_group017	ScTjWWh_514-HRSCAF-857	4710	119806703
scaffold_group018	ScTjWWh_515-HRSCAF-859	2939	119809642
scaffold_group018	ScTjWWh_516-HRSCAF-861	13618	119823260
scaffold_group018	ScTjWWh_517-HRSCAF-864	1169	119824429
scaffold_group018	ScTjWWh_518-HRSCAF-865	1082	119825511
scaffold_group018	ScTjWWh_519-HRSCAF-866	1207	119826718
scaffold_group018	ScTjWWh_520-HRSCAF-867	1061	119827779
scaffold_group018	ScTjWWh_521-HRSCAF-868	1991	119829770
scaffold_group018	ScTjWWh_522-HRSCAF-870	1415	119831185
scaffold_group018	ScTjWWh_523-HRSCAF-874	4603	119835788
scaffold_group018	ScTjWWh_524-HRSCAF-875	1011	119836799
scaffold_group018	ScTjWWh_525-HRSCAF-876	1357	119838156
scaffold_group018	ScTjWWh_526-HRSCAF-878	2338	119840494
scaffold_group018	ScTjWWh_527-HRSCAF-880	1450	119841944
scaffold_group018	ScTjWWh_528-HRSCAF-883	1175	119843119
scaffold_group018	ScTjWWh_529-HRSCAF-884	1513	119844632
scaffold_group018	ScTjWWh_530-HRSCAF-885	1044	119845676
scaffold_group018	ScTjWWh_531-HRSCAF-886	2546	119848222
scaffold_group018	ScTjWWh_532-HRSCAF-888	1458	119849680
scaffold_group018	ScTjWWh_533-HRSCAF-889	2543	119852223
scaffold_group018	ScTjWWh_534-HRSCAF-890	4900	119857123
scaffold_group018	ScTjWWh_535-HRSCAF-891	2102	119859225
scaffold_group018	ScTjWWh_536-HRSCAF-892	1447	119860672
scaffold_group018	ScTjWWh_537-HRSCAF-893	3767	119864439
scaffold_group018	ScTjWWh_538-HRSCAF-896	1339	119865778
scaffold_group018	ScTjWWh_539-HRSCAF-897	3482	119869260
scaffold_group018	ScTjWWh_540-HRSCAF-898	1554	119870814
scaffold_group018	ScTjWWh_541-HRSCAF-899	1894	119872708
scaffold_group018	ScTjWWh_542-HRSCAF-901	1301	119874009
scaffold_group018	ScTjWWh_543-HRSCAF-902	6231	119880240
scaffold_group018	ScTjWWh_544-HRSCAF-904	1117	119881357
scaffold_group019	ScTjWWh_545-HRSCAF-906	1163	119882520
scaffold_group019	ScTjWWh_546-HRSCAF-907	1983	119884503
scaffold_group019	ScTjWWh_547-HRSCAF-908	1503	119886006
scaffold_group019	ScTjWWh_548-HRSCAF-909	3131	119889137
scaffold_group019	ScTjWWh_549-HRSCAF-911	2950	119892087
scaffold_group019	ScTjWWh_550-HRSCAF-912	1852	119893939
scaffold_group019	ScTjWWh_551-HRSCAF-914	1025	119894964
scaffold_group019	ScTjWWh_552-HRSCAF-916	1458	119896422
scaffold_group019	ScTjWWh_553-HRSCAF-918	1496	119897918
scaffold_group019	ScTjWWh_554-HRSCAF-920	9578	119907496
scaffold_group019	ScTjWWh_555-HRSCAF-921	1479	119908975
scaffold_group019	ScTjWWh_556-HRSCAF-922	1869	119910844
scaffold_group019	ScTjWWh_557-HRSCAF-924	3253	119914097
scaffold_group019	ScTjWWh_558-HRSCAF-925	1817	119915914
scaffold_group019	ScTjWWh_559-HRSCAF-926	1287	119917201
scaffold_group019	ScTjWWh_560-HRSCAF-928	13908	119931109
scaffold_group019	ScTjWWh_561-HRSCAF-929	1881	119932990
scaffold_group019	ScTjWWh_562-HRSCAF-930	4997	119937987
scaffold_group019	ScTjWWh_563-HRSCAF-931	2256	119940243
scaffold_group019	ScTjWWh_564-HRSCAF-932	1521	119941764
scaffold_group019	ScTjWWh_565-HRSCAF-937	3844	119945608
scaffold_group019	ScTjWWh_566-HRSCAF-938	2437	119948045
scaffold_group019	ScTjWWh_567-HRSCAF-939	1074	119949119
scaffold_group019	ScTjWWh_568-HRSCAF-940	1796	119950915
scaffold_group019	ScTjWWh_569-HRSCAF-943	4619	119955534
scaffold_group019	ScTjWWh_570-HRSCAF-944	1713	119957247
scaffold_group019	ScTjWWh_571-HRSCAF-947	2397	119959644
scaffold_group019	ScTjWWh_572-HRSCAF-948	2219	119961863
scaffold_group019	ScTjWWh_573-HRSCAF-949	1225	119963088
scaffold_group019	ScTjWWh_574-HRSCAF-950	1921	119965009
scaffold_group020	ScTjWWh_575-HRSCAF-951	1395	119966404
scaffold_group020	ScTjWWh_576-HRSCAF-953	3724	119970128
scaffold_group020	ScTjWWh_577-HRSCAF-954	3727	119973855
scaffold_group020	ScTjWWh_578-HRSCAF-956	4054	119977909
scaffold_group020	ScTjWWh_579-HRSCAF-957	8552	119986461
scaffold_group020	ScTjWWh_580-HRSCAF-958	2617	119989078
scaffold_group020	ScTjWWh_581-HRSCAF-959	3221	119992299
scaffold_group020	ScTjWWh_582-HRSCAF-964	6920	119999219
scaffold_group020	ScTjWWh_583-HRSCAF-966	3064	120002283
scaffold_group020	ScTjWWh_584-HRSCAF-967	3378	120005661
scaffold_group020	ScTjWWh_585-HRSCAF-968	1910	120007571
scaffold_group020	ScTjWWh_586-HRSCAF-969	1001	120008572
scaffold_group020	ScTjWWh_587-HRSCAF-970	1347	120009919
scaffold_group020	ScTjWWh_588-HRSCAF-971	1009	120010928
scaffold_group020	ScTjWWh_589-HRSCAF-972	3154	120014082
scaffold_group020	ScTjWWh_590-HRSCAF-974	2808	120016890
scaffold_group020	ScTjWWh_591-HRSCAF-975	1037	120017927
scaffold_group020	ScTjWWh_592-HRSCAF-976	4014	120021941
scaffold_group020	ScTjWWh_593-HRSCAF-977	1037	120022978
scaffold_group020	ScTjWWh_594-HRSCAF-978	1969	120024947
scaffold_group020	ScTjWWh_595-HRSCAF-979	1474	120026421
scaffold_group020	ScTjWWh_596-HRSCAF-981	1034	120027455
scaffold_group020	ScTjWWh_597-HRSCAF-983	1388	120028843
scaffold_group020	ScTjWWh_598-HRSCAF-984	1005	120029848
scaffold_group020	ScTjWWh_599-HRSCAF-985	1703	120031551
scaffold_group020	ScTjWWh_600-HRSCAF-986	3120	120034671
scaffold_group020	ScTjWWh_601-HRSCAF-989	1359	120036030
scaffold_group020	ScTjWWh_602-HRSCAF-990	2976	120039006
scaffold_group020	ScTjWWh_603-HRSCAF-991	1376	120040382
scaffold_group020	ScTjWWh_604-HRSCAF-992	3671	120044053
scaffold_group021	ScTjWWh_605-HRSCAF-993	2199	120046252
scaffold_group021	ScTjWWh_606-HRSCAF-996	7796	120054048
scaffold_group021	ScTjWWh_607-HRSCAF-997	1070	120055118
scaffold_group021	ScTjWWh_608-HRSCAF-998	1939	120057057
scaffold_group021	ScTjWWh_609-HRSCAF-999	5974	120063031
scaffold_group021	ScTjWWh_610-HRSCAF-1000	1193	120064224
scaffold_group021	ScTjWWh_611-HRSCAF-1001	2880	120067104
scaffold_group021	ScTjWWh_612-HRSCAF-1003	1122	120068226
scaffold_group021	ScTjWWh_613-HRSCAF-1004	5008	120073234
scaffold_group021	ScTjWWh_614-HRSCAF-1007	9461	120082695
scaffold_group021	ScTjWWh_615-HRSCAF-1008	3487	120086182
scaffold_group021	ScTjWWh_616-HRSCAF-1011	8159	120094341
scaffold_group021	ScTjWWh_617-HRSCAF-1012	3441	120097782
scaffold_group021	ScTjWWh_618-HRSCAF-1013	4532	120102314
scaffold_group021	ScTjWWh_619-HRSCAF-1014	3049	120105363
scaffold_group021	ScTjWWh_620-HRSCAF-1016	3203	120108566
scaffold_group021	ScTjWWh_621-HRSCAF-1018	1174	120109740
scaffold_group021	ScTjWWh_622-HRSCAF-1020	1010	120110750
scaffold_group021	ScTjWWh_623-HRSCAF-1022	1711	120112461
scaffold_group021	ScTjWWh_624-HRSCAF-1023	1942	120114403
scaffold_group021	ScTjWWh_625-HRSCAF-1024	2002	120116405
scaffold_group021	ScTjWWh_626-HRSCAF-1025	1661	120118066
scaffold_group021	ScTjWWh_627-HRSCAF-1026	6611	120124677
scaffold_group021	ScTjWWh_628-HRSCAF-1027	1322	120125999
scaffold_group021	ScTjWWh_629-HRSCAF-1029	1111	120127110
scaffold_group021	ScTjWWh_630-HRSCAF-1030	2511	120129621
scaffold_group021	ScTjWWh_631-HRSCAF-1032	1964	120131585
scaffold_group021	ScTjWWh_632-HRSCAF-1033	2721	120134306
scaffold_group021	ScTjWWh_633-HRSCAF-1034	3849	120138155
scaffold_group021	ScTjWWh_634-HRSCAF-1035	2275	120140430
scaffold_group022	ScTjWWh_635-HRSCAF-1037	2070	120142500
scaffold_group022	ScTjWWh_636-HRSCAF-1038	1208	120143708
scaffold_group022	ScTjWWh_637-HRSCAF-1041	2636	120146344
scaffold_group022	ScTjWWh_638-HRSCAF-1042	3274	120149618
scaffold_group022	ScTjWWh_639-HRSCAF-1043	1421	120151039
scaffold_group022	ScTjWWh_640-HRSCAF-1044	1216	120152255
scaffold_group022	ScTjWWh_641-HRSCAF-1046	5972	120158227
scaffold_group022	ScTjWWh_642-HRSCAF-1047	1185	120159412
scaffold_group022	ScTjWWh_643-HRSCAF-1048	2013	120161425
scaffold_group022	ScTjWWh_644-HRSCAF-1049	2214	120163639
scaffold_group022	ScTjWWh_645-HRSCAF-1051	4504	120168143
scaffold_group022	ScTjWWh_646-HRSCAF-1053	2384	120170527
scaffold_group022	ScTjWWh_647-HRSCAF-1055	2187	120172714
scaffold_group022	ScTjWWh_648-HRSCAF-1056	3222	120175936
scaffold_group022	ScTjWWh_649-HRSCAF-1058	2052	120177988
scaffold_group022	ScTjWWh_650-HRSCAF-1059	1983	120179971
scaffold_group022	ScTjWWh_651-HRSCAF-1061	1552	120181523
scaffold_group022	ScTjWWh_652-HRSCAF-1064	4347	120185870
scaffold_group022	ScTjWWh_653-HRSCAF-1065	1399	120187269
scaffold_group022	ScTjWWh_654-HRSCAF-1068	1744	120189013
scaffold_group022	ScTjWWh_655-HRSCAF-1070	1300	120190313
scaffold_group022	ScTjWWh_656-HRSCAF-1071	1312	120191625
scaffold_group022	ScTjWWh_657-HRSCAF-1074	4649	120196274
scaffold_group022	ScTjWWh_658-HRSCAF-1075	1917	120198191
scaffold_group022	ScTjWWh_659-HRSCAF-1076	1808	120199999
scaffold_group022	ScTjWWh_660-HRSCAF-1077	1296	120201295
scaffold_group022	ScTjWWh_661-HRSCAF-1078	3313	120204608
scaffold_group022	ScTjWWh_662-HRSCAF-1079	1439	120206047
scaffold_group022	ScTjWWh_663-HRSCAF-1080	1391	120207438
scaffold_group022	ScTjWWh_664-HRSCAF-1081	4121	120211559
scaffold_group023	ScTjWWh_665-HRSCAF-1082	1410	120212969
scaffold_group023	ScTjWWh_666-HRSCAF-1085	1492	120214461
scaffold_group023	ScTjWWh_667-HRSCAF-1086	3431	120217892
scaffold_group023	ScTjWWh_668-HRSCAF-1087	3058	120220950
scaffold_group023	ScTjWWh_669-HRSCAF-1088	2692	120223642
scaffold_group023	ScTjWWh_670-HRSCAF-1091	1667	120225309
scaffold_group023	ScTjWWh_671-HRSCAF-1093	1267	120226576
scaffold_group023	ScTjWWh_672-HRSCAF-1095	1002	120227578
scaffold_group023	ScTjWWh_673-HRSCAF-1096	1102	120228680
scaffold_group023	ScTjWWh_674-HRSCAF-1097	3571	120232251
scaffold_group023	ScTjWWh_675-HRSCAF-1100	2715	120234966
scaffold_group023	ScTjWWh_676-HRSCAF-1102	1602	120236568
scaffold_group023	ScTjWWh_677-HRSCAF-1104	4934	120241502
scaffold_group023	ScTjWWh_678-HRSCAF-1106	3567	120245069
scaffold_group023	ScTjWWh_679-HRSCAF-1107	3136	120248205
scaffold_group023	ScTjWWh_680-HRSCAF-1110	1284	120249489
scaffold_group023	ScTjWWh_681-HRSCAF-1111	1660	120251149
scaffold_group023	ScTjWWh_682-HRSCAF-1113	4317	120255466
scaffold_group023	ScTjWWh_684-HRSCAF-1116	3667	182237384
scaffold_group023	ScTjWWh_685-HRSCAF-1117	1000	182238384
scaffold_group023	ScTjWWh_686-HRSCAF-1118	1328	182239712
scaffold_group023	ScTjWWh_687-HRSCAF-1119	1431	182241143
scaffold_group023	ScTjWWh_688-HRSCAF-1121	1316	182242459
scaffold_group023	ScTjWWh_689-HRSCAF-1122	1666	182244125
scaffold_group023	ScTjWWh_690-HRSCAF-1123	1655	182245780
scaffold_group023	ScTjWWh_691-HRSCAF-1125	6701	182252481
scaffold_group023	ScTjWWh_692-HRSCAF-1126	1081	182253562
scaffold_group023	ScTjWWh_693-HRSCAF-1128	3278	182256840
scaffold_group023	ScTjWWh_694-HRSCAF-1129	5117	182261957
scaffold_group023	ScTjWWh_695-HRSCAF-1132	1193	182263150
scaffold_group024	ScTjWWh_696-HRSCAF-1133	1614	182264764
scaffold_group024	ScTjWWh_697-HRSCAF-1135	1112	182265876
scaffold_group024	ScTjWWh_698-HRSCAF-1136	2695	182268571
scaffold_group024	ScTjWWh_699-HRSCAF-1137	2150	182270721
scaffold_group024	ScTjWWh_700-HRSCAF-1138	3115	182273836
scaffold_group024	ScTjWWh_701-HRSCAF-1139	3219	182277055
scaffold_group024	ScTjWWh_702-HRSCAF-1140	1122	182278177
scaffold_group024	ScTjWWh_703-HRSCAF-1141	3007	182281184
scaffold_group024	ScTjWWh_704-HRSCAF-1143	2362	182283546
scaffold_group024	ScTjWWh_705-HRSCAF-1144	1721	182285267
scaffold_group024	ScTjWWh_706-HRSCAF-1145	3169	182288436
scaffold_group024	ScTjWWh_707-HRSCAF-1146	1469	182289905
scaffold_group024	ScTjWWh_708-HRSCAF-1147	1726	182291631
scaffold_group024	ScTjWWh_709-HRSCAF-1148	1903	182293534
scaffold_group024	ScTjWWh_710-HRSCAF-1149	2068	182295602
scaffold_group024	ScTjWWh_711-HRSCAF-1152	2419	182298021
scaffold_group024	ScTjWWh_712-HRSCAF-1153	6759	182304780
scaffold_group024	ScTjWWh_713-HRSCAF-1154	1715	182306495
scaffold_group024	ScTjWWh_714-HRSCAF-1155	1572	182308067
scaffold_group024	ScTjWWh_715-HRSCAF-1156	1751	182309818
scaffold_group024	ScTjWWh_716-HRSCAF-1157	2488	182312306
scaffold_group024	ScTjWWh_717-HRSCAF-1158	2316	182314622
scaffold_group024	ScTjWWh_718-HRSCAF-1159	1211	182315833
scaffold_group024	ScTjWWh_719-HRSCAF-1161	3390	182319223
scaffold_group024	ScTjWWh_721-HRSCAF-1165	1241	275846840
scaffold_group024	ScTjWWh_722-HRSCAF-1169	1610	275848450
scaffold_group024	ScTjWWh_723-HRSCAF-1173	1408	275849858
scaffold_group024	ScTjWWh_724-HRSCAF-1175	1385	275851243
scaffold_group024	ScTjWWh_725-HRSCAF-1176	5451	275856694
scaffold_group024	ScTjWWh_726-HRSCAF-1177	1209	275857903
scaffold_group025	ScTjWWh_727-HRSCAF-1178	1201	275859104
scaffold_group025	ScTjWWh_728-HRSCAF-1182	1199	275860303
scaffold_group025	ScTjWWh_729-HRSCAF-1184	2217	275862520
scaffold_group025	ScTjWWh_730-HRSCAF-1185	1074	275863594
scaffold_group025	ScTjWWh_731-HRSCAF-1186	3630	275867224
scaffold_group025	ScTjWWh_732-HRSCAF-1188	2010	275869234
scaffold_group025	ScTjWWh_733-HRSCAF-1189	1331	275870565
scaffold_group025	ScTjWWh_734-HRSCAF-1190	2395	275872960
scaffold_group025	ScTjWWh_735-HRSCAF-1191	1728	275874688
scaffold_group025	ScTjWWh_736-HRSCAF-1193	2470	275877158
scaffold_group025	ScTjWWh_737-HRSCAF-1194	1777	275878935
scaffold_group025	ScTjWWh_738-HRSCAF-1195	1894	275880829
scaffold_group025	ScTjWWh_739-HRSCAF-1196	2198	275883027
scaffold_group025	ScTjWWh_740-HRSCAF-1197	1113	275884140
scaffold_group025	ScTjWWh_741-HRSCAF-1198	6368	275890508
scaffold_group025	ScTjWWh_742-HRSCAF-1200	1098	275891606
scaffold_group025	ScTjWWh_743-HRSCAF-1202	1567	275893173
scaffold_group025	ScTjWWh_744-HRSCAF-1204	5189	275898362
scaffold_group025	ScTjWWh_745-HRSCAF-1207	1049	275899411
scaffold_group025	ScTjWWh_746-HRSCAF-1208	1063	275900474
scaffold_group025	ScTjWWh_747-HRSCAF-1210	1296	275901770
scaffold_group025	ScTjWWh_748-HRSCAF-1211	2482	275904252
scaffold_group025	ScTjWWh_749-HRSCAF-1212	2916	275907168
scaffold_group025	ScTjWWh_750-HRSCAF-1214	1449	275908617
scaffold_group025	ScTjWWh_751-HRSCAF-1216	1179	275909796
scaffold_group025	ScTjWWh_752-HRSCAF-1217	4174	275913970
scaffold_group025	ScTjWWh_753-HRSCAF-1220	2115	275916085
scaffold_group025	ScTjWWh_754-HRSCAF-1221	1109	275917194
scaffold_group025	ScTjWWh_755-HRSCAF-1223	2269	275919463
scaffold_group025	ScTjWWh_756-HRSCAF-1226	20670	275940133
scaffold_group026	ScTjWWh_757-HRSCAF-1228	1001	275941134
scaffold_group026	ScTjWWh_758-HRSCAF-1230	2390	275943524
scaffold_group026	ScTjWWh_759-HRSCAF-1232	3577	275947101
scaffold_group026	ScTjWWh_760-HRSCAF-1233	1033	275948134
scaffold_group026	ScTjWWh_761-HRSCAF-1234	1696	275949830
scaffold_group026	ScTjWWh_762-HRSCAF-1235	1373	275951203
scaffold_group026	ScTjWWh_763-HRSCAF-1236	2199	275953402
scaffold_group026	ScTjWWh_764-HRSCAF-1237	5910	275959312
scaffold_group026	ScTjWWh_765-HRSCAF-1238	6514	275965826
scaffold_group026	ScTjWWh_766-HRSCAF-1239	3338	275969164
scaffold_group026	ScTjWWh_767-HRSCAF-1240	39173	276008337
scaffold_group026	ScTjWWh_768-HRSCAF-1242	1627	276009964
scaffold_group026	ScTjWWh_769-HRSCAF-1243	2847	276012811
scaffold_group026	ScTjWWh_770-HRSCAF-1244	3136	276015947
scaffold_group026	ScTjWWh_771-HRSCAF-1246	1860	276017807
scaffold_group026	ScTjWWh_772-HRSCAF-1247	1981	276019788
scaffold_group026	ScTjWWh_773-HRSCAF-1249	8099	276027887
scaffold_group026	ScTjWWh_774-HRSCAF-1252	1304	276029191
scaffold_group026	ScTjWWh_775-HRSCAF-1254	1038	276030229
scaffold_group026	ScTjWWh_776-HRSCAF-1255	1163	276031392
scaffold_group026	ScTjWWh_777-HRSCAF-1256	2371	276033763
scaffold_group026	ScTjWWh_778-HRSCAF-1257	2437	276036200
scaffold_group026	ScTjWWh_779-HRSCAF-1258	10832	276047032
scaffold_group026	ScTjWWh_780-HRSCAF-1259	3390	276050422
scaffold_group026	ScTjWWh_781-HRSCAF-1260	1420	276051842
scaffold_group026	ScTjWWh_782-HRSCAF-1261	2214	276054056
scaffold_group026	ScTjWWh_783-HRSCAF-1263	1906	276055962
scaffold_group026	ScTjWWh_784-HRSCAF-1264	1131	276057093
scaffold_group026	ScTjWWh_785-HRSCAF-1270	1208	276058301
scaffold_group026	ScTjWWh_787-HRSCAF-1272	1025	290588006
scaffold_group027	ScTjWWh_788-HRSCAF-1274	5123	290593129
scaffold_group027	ScTjWWh_789-HRSCAF-1275	2239	290595368
scaffold_group027	ScTjWWh_790-HRSCAF-1278	1094	290596462
scaffold_group027	ScTjWWh_791-HRSCAF-1279	1042	290597504
scaffold_group027	ScTjWWh_792-HRSCAF-1280	1940	290599444
scaffold_group027	ScTjWWh_793-HRSCAF-1281	6271	290605715
scaffold_group027	ScTjWWh_794-HRSCAF-1284	1218	290606933
scaffold_group027	ScTjWWh_795-HRSCAF-1287	1356	290608289
scaffold_group027	ScTjWWh_796-HRSCAF-1289	2045	290610334
scaffold_group027	ScTjWWh_797-HRSCAF-1291	1029	290611363
scaffold_group027	ScTjWWh_798-HRSCAF-1293	1380	290612743
scaffold_group027	ScTjWWh_800-HRSCAF-1298	1091	301349870
scaffold_group027	ScTjWWh_801-HRSCAF-1299	4375	301354245
scaffold_group027	ScTjWWh_802-HRSCAF-1302	1303	301355548
scaffold_group027	ScTjWWh_803-HRSCAF-1303	6481	301362029
scaffold_group027	ScTjWWh_804-HRSCAF-1309	2903	301364932
scaffold_group027	ScTjWWh_805-HRSCAF-1310	2950	301367882
scaffold_group027	ScTjWWh_806-HRSCAF-1312	1188	301369070
scaffold_group027	ScTjWWh_807-HRSCAF-1313	1811	301370881
scaffold_group027	ScTjWWh_808-HRSCAF-1314	1336	301372217
scaffold_group027	ScTjWWh_809-HRSCAF-1316	1110	301373327
scaffold_group027	ScTjWWh_810-HRSCAF-1317	1410	301374737
scaffold_group027	ScTjWWh_811-HRSCAF-1318	1288	301376025
scaffold_group027	ScTjWWh_812-HRSCAF-1319	1120	301377145
scaffold_group027	ScTjWWh_813-HRSCAF-1320	1682	301378827
scaffold_group027	ScTjWWh_814-HRSCAF-1322	1317	301380144
scaffold_group027	ScTjWWh_815-HRSCAF-1323	1215	301381359
scaffold_group027	ScTjWWh_816-HRSCAF-1325	1939	301383298
scaffold_group027	ScTjWWh_817-HRSCAF-1327	3274	301386572
scaffold_group027	ScTjWWh_818-HRSCAF-1328	3341	301389913
scaffold_group028	ScTjWWh_819-HRSCAF-1330	2713	301392626
scaffold_group028	ScTjWWh_820-HRSCAF-1331	1304	301393930
scaffold_group028	ScTjWWh_821-HRSCAF-1332	10465	301404395
scaffold_group028	ScTjWWh_822-HRSCAF-1333	1200	301405595
scaffold_group028	ScTjWWh_823-HRSCAF-1336	3193	301408788
scaffold_group028	ScTjWWh_824-HRSCAF-1340	1497	301410285
scaffold_group028	ScTjWWh_825-HRSCAF-1341	1889	301412174
scaffold_group028	ScTjWWh_826-HRSCAF-1343	2527	301414701
scaffold_group028	ScTjWWh_827-HRSCAF-1345	1082	301415783
scaffold_group028	ScTjWWh_828-HRSCAF-1346	1767	301417550
scaffold_group028	ScTjWWh_830-HRSCAF-1349	1879	414232917
scaffold_group028	ScTjWWh_831-HRSCAF-1352	2322	414235239
scaffold_group028	ScTjWWh_832-HRSCAF-1353	1369	414236608
scaffold_group028	ScTjWWh_833-HRSCAF-1354	3626	414240234
scaffold_group028	ScTjWWh_834-HRSCAF-1356	2259	414242493
scaffold_group028	ScTjWWh_835-HRSCAF-1357	1988	414244481
scaffold_group028	ScTjWWh_836-HRSCAF-1358	1148	414245629
scaffold_group028	ScTjWWh_837-HRSCAF-1359	1375	414247004
scaffold_group028	ScTjWWh_838-HRSCAF-1360	3309	414250313
scaffold_group028	ScTjWWh_839-HRSCAF-1362	3264	414253577
scaffold_group028	ScTjWWh_840-HRSCAF-1363	2035	414255612
scaffold_group028	ScTjWWh_841-HRSCAF-1364	1026	414256638
scaffold_group028	ScTjWWh_842-HRSCAF-1367	2983	414259621
scaffold_group028	ScTjWWh_843-HRSCAF-1368	2114	414261735
scaffold_group028	ScTjWWh_844-HRSCAF-1369	1501	414263236
scaffold_group028	ScTjWWh_845-HRSCAF-1370	7681	414270917
scaffold_group028	ScTjWWh_846-HRSCAF-1371	1174	414272091
scaffold_group028	ScTjWWh_847-HRSCAF-1372	1161	414273252
scaffold_group028	ScTjWWh_848-HRSCAF-1374	1087	414274339
scaffold_group028	ScTjWWh_849-HRSCAF-1377	3344	414277683
scaffold_group029	ScTjWWh_850-HRSCAF-1378	1903	414279586
scaffold_group029	ScTjWWh_851-HRSCAF-1381	7997	414287583
scaffold_group029	ScTjWWh_852-HRSCAF-1382	1061	414288644
scaffold_group029	ScTjWWh_853-HRSCAF-1385	2330	414290974
scaffold_group029	ScTjWWh_854-HRSCAF-1386	2622	414293596
scaffold_group029	ScTjWWh_855-HRSCAF-1387	1927	414295523
scaffold_group029	ScTjWWh_856-HRSCAF-1388	1283	414296806
scaffold_group029	ScTjWWh_857-HRSCAF-1390	2880	414299686
scaffold_group029	ScTjWWh_858-HRSCAF-1391	1265	414300951
scaffold_group029	ScTjWWh_859-HRSCAF-1398	3131	414304082
scaffold_group029	ScTjWWh_860-HRSCAF-1399	1345	414305427
scaffold_group029	ScTjWWh_861-HRSCAF-1402	2845	414308272
scaffold_group029	ScTjWWh_862-HRSCAF-1405	2093	414310365
scaffold_group029	ScTjWWh_863-HRSCAF-1406	1222	414311587
scaffold_group029	ScTjWWh_864-HRSCAF-1408	1887	414313474
scaffold_group029	ScTjWWh_865-HRSCAF-1409	1132	414314606
scaffold_group029	ScTjWWh_866-HRSCAF-1410	2976	414317582
scaffold_group029	ScTjWWh_868-HRSCAF-1413	4075	434229150
scaffold_group029	ScTjWWh_869-HRSCAF-1415	2354	434231504
scaffold_group029	ScTjWWh_870-HRSCAF-1417	2952	434234456
scaffold_group029	ScTjWWh_871-HRSCAF-1418	2719	434237175
scaffold_group029	ScTjWWh_872-HRSCAF-1421	2535	434239710
scaffold_group029	ScTjWWh_873-HRSCAF-1424	1551	434241261
scaffold_group029	ScTjWWh_874-HRSCAF-1425	3200	434244461
scaffold_group029	ScTjWWh_875-HRSCAF-1426	1529	434245990
scaffold_group029	ScTjWWh_876-HRSCAF-1427	1853	434247843
scaffold_group029	ScTjWWh_877-HRSCAF-1428	1438	434249281
scaffold_group029	ScTjWWh_878-HRSCAF-1429	7598	434256879
scaffold_group029	ScTjWWh_879-HRSCAF-1430	7033	434263912
scaffold_group029	ScTjWWh_880-HRSCAF-1431	6719	434270631
scaffold_group030	ScTjWWh_881-HRSCAF-1433	2047	434272678
scaffold_group030	ScTjWWh_882-HRSCAF-1434	1219	434273897
scaffold_group030	ScTjWWh_883-HRSCAF-1435	1152	434275049
scaffold_group030	ScTjWWh_884-HRSCAF-1437	1044	434276093
scaffold_group030	ScTjWWh_885-HRSCAF-1438	2078	434278171
scaffold_group030	ScTjWWh_886-HRSCAF-1440	1358	434279529
scaffold_group030	ScTjWWh_887-HRSCAF-1441	2013	434281542
scaffold_group030	ScTjWWh_888-HRSCAF-1444	1104	434282646
scaffold_group030	ScTjWWh_889-HRSCAF-1446	1059	434283705
scaffold_group030	ScTjWWh_890-HRSCAF-1448	2615	434286320
scaffold_group030	ScTjWWh_891-HRSCAF-1452	1456	434287776
scaffold_group030	ScTjWWh_892-HRSCAF-1454	1248	434289024
scaffold_group030	ScTjWWh_893-HRSCAF-1455	1251	434290275
scaffold_group030	ScTjWWh_894-HRSCAF-1458	2248	434292523
scaffold_group030	ScTjWWh_895-HRSCAF-1460	1544	434294067
scaffold_group030	ScTjWWh_896-HRSCAF-1461	2992	434297059
scaffold_group030	ScTjWWh_897-HRSCAF-1463	1040	434298099
scaffold_group030	ScTjWWh_898-HRSCAF-1466	2225	434300324
scaffold_group030	ScTjWWh_899-HRSCAF-1467	1671	434301995
scaffold_group030	ScTjWWh_900-HRSCAF-1468	1079	434303074
scaffold_group030	ScTjWWh_901-HRSCAF-1469	5217	434308291
scaffold_group030	ScTjWWh_902-HRSCAF-1472	2602	434310893
scaffold_group030	ScTjWWh_903-HRSCAF-1473	5173	434316066
scaffold_group030	ScTjWWh_904-HRSCAF-1475	1169	434317235
scaffold_group030	ScTjWWh_905-HRSCAF-1476	1129	434318364
scaffold_group030	ScTjWWh_906-HRSCAF-1477	1075	434319439
scaffold_group030	ScTjWWh_907-HRSCAF-1478	1954	434321393
scaffold_group030	ScTjWWh_908-HRSCAF-1479	1038	434322431
scaffold_group030	ScTjWWh_909-HRSCAF-1481	1949	434324380
scaffold_group030	ScTjWWh_910-HRSCAF-1482	1013	434325393
scaffold_group031	ScTjWWh_911-HRSCAF-1483	1575	434326968
scaffold_group031	ScTjWWh_912-HRSCAF-1485	1623	434328591
scaffold_group031	ScTjWWh_913-HRSCAF-1486	1222	434329813
scaffold_group031	ScTjWWh_914-HRSCAF-1487	1201	434331014
scaffold_group031	ScTjWWh_915-HRSCAF-1491	1320	434332334
scaffold_group031	ScTjWWh_916-HRSCAF-1493	2444	434334778
scaffold_group031	ScTjWWh_917-HRSCAF-1494	3227	434338005
scaffold_group031	ScTjWWh_918-HRSCAF-1497	1335	434339340
scaffold_group031	ScTjWWh_919-HRSCAF-1500	1046	434340386
scaffold_group031	ScTjWWh_920-HRSCAF-1502	2910	434343296
scaffold_group031	ScTjWWh_921-HRSCAF-1505	1435	434344731
scaffold_group031	ScTjWWh_922-HRSCAF-1509	2649	434347380
scaffold_group031	ScTjWWh_923-HRSCAF-1510	3680	434351060
scaffold_group031	ScTjWWh_924-HRSCAF-1513	1044	434352104
scaffold_group031	ScTjWWh_925-HRSCAF-1518	2498	434354602
scaffold_group031	ScTjWWh_926-HRSCAF-1519	1153	434355755
scaffold_group031	ScTjWWh_927-HRSCAF-1520	1306	434357061
scaffold_group031	ScTjWWh_928-HRSCAF-1521	1887	434358948
scaffold_group031	ScTjWWh_929-HRSCAF-1522	4212	434363160
scaffold_group031	ScTjWWh_930-HRSCAF-1523	2169	434365329
scaffold_group031	ScTjWWh_931-HRSCAF-1525	1287	434366616
scaffold_group031	ScTjWWh_932-HRSCAF-1526	1531	434368147
scaffold_group031	ScTjWWh_933-HRSCAF-1528	1572	434369719
scaffold_group031	ScTjWWh_934-HRSCAF-1530	1654	434371373
scaffold_group031	ScTjWWh_935-HRSCAF-1531	1590	434372963
scaffold_group031	ScTjWWh_936-HRSCAF-1533	1193	434374156
scaffold_group031	ScTjWWh_937-HRSCAF-1534	2243	434376399
scaffold_group031	ScTjWWh_938-HRSCAF-1535	1868	434378267
scaffold_group031	ScTjWWh_939-HRSCAF-1537	2021	434380288
scaffold_group031	ScTjWWh_940-HRSCAF-1542	2042	434382330
scaffold_group032	ScTjWWh_941-HRSCAF-1543	1107	434383437
scaffold_group032	ScTjWWh_942-HRSCAF-1544	1928	434385365
scaffold_group032	ScTjWWh_943-HRSCAF-1545	1004	434386369
scaffold_group032	ScTjWWh_944-HRSCAF-1547	3077	434389446
scaffold_group032	ScTjWWh_945-HRSCAF-1548	4484	434393930
scaffold_group032	ScTjWWh_946-HRSCAF-1549	1267	434395197
scaffold_group032	ScTjWWh_947-HRSCAF-1552	1329	434396526
scaffold_group032	ScTjWWh_948-HRSCAF-1555	3409	434399935
scaffold_group032	ScTjWWh_949-HRSCAF-1556	1510	434401445
scaffold_group032	ScTjWWh_950-HRSCAF-1557	1068	434402513
scaffold_group032	ScTjWWh_951-HRSCAF-1558	2331	434404844
scaffold_group032	ScTjWWh_952-HRSCAF-1559	2031	434406875
scaffold_group032	ScTjWWh_953-HRSCAF-1560	2141	434409016
scaffold_group032	ScTjWWh_954-HRSCAF-1561	3811	434412827
scaffold_group032	ScTjWWh_955-HRSCAF-1562	1276	434414103
scaffold_group032	ScTjWWh_956-HRSCAF-1563	1182	434415285
scaffold_group032	ScTjWWh_957-HRSCAF-1566	5885	434421170
scaffold_group032	ScTjWWh_958-HRSCAF-1568	1605	434422775
scaffold_group032	ScTjWWh_959-HRSCAF-1569	2761	434425536
scaffold_group032	ScTjWWh_960-HRSCAF-1570	1145	434426681
scaffold_group032	ScTjWWh_961-HRSCAF-1571	1030	434427711
scaffold_group032	ScTjWWh_963-HRSCAF-1574	2234	454467251
scaffold_group032	ScTjWWh_964-HRSCAF-1575	1373	454468624
scaffold_group032	ScTjWWh_965-HRSCAF-1576	1238	454469862
scaffold_group032	ScTjWWh_966-HRSCAF-1577	2764	454472626
scaffold_group032	ScTjWWh_967-HRSCAF-1579	1203	454473829
scaffold_group032	ScTjWWh_968-HRSCAF-1581	2337	454476166
scaffold_group032	ScTjWWh_969-HRSCAF-1586	2564	454478730
scaffold_group032	ScTjWWh_970-HRSCAF-1588	4091	454482821
scaffold_group032	ScTjWWh_971-HRSCAF-1589	1365	454484186
scaffold_group033	ScTjWWh_972-HRSCAF-1591	2436	454486622
scaffold_group033	ScTjWWh_973-HRSCAF-1592	1563	454488185
scaffold_group033	ScTjWWh_974-HRSCAF-1593	1282	454489467
scaffold_group033	ScTjWWh_975-HRSCAF-1594	3208	454492675
scaffold_group033	ScTjWWh_976-HRSCAF-1595	1052	454493727
scaffold_group033	ScTjWWh_977-HRSCAF-1600	3873	454497600
scaffold_group033	ScTjWWh_978-HRSCAF-1601	2203	454499803
scaffold_group033	ScTjWWh_979-HRSCAF-1602	1563	454501366
scaffold_group033	ScTjWWh_980-HRSCAF-1603	2427	454503793
scaffold_group033	ScTjWWh_981-HRSCAF-1605	1146	454504939
scaffold_group033	ScTjWWh_982-HRSCAF-1606	2343	454507282
scaffold_group033	ScTjWWh_983-HRSCAF-1607	2315	454509597
scaffold_group033	ScTjWWh_984-HRSCAF-1608	1176	454510773
scaffold_group033	ScTjWWh_985-HRSCAF-1609	5138	454515911
scaffold_group033	ScTjWWh_986-HRSCAF-1611	2001	454517912
scaffold_group033	ScTjWWh_987-HRSCAF-1614	2239	454520151
scaffold_group033	ScTjWWh_988-HRSCAF-1615	1002	454521153
scaffold_group033	ScTjWWh_989-HRSCAF-1618	1404	454522557
scaffold_group033	ScTjWWh_990-HRSCAF-1619	1045	454523602
scaffold_group033	ScTjWWh_991-HRSCAF-1621	2974	454526576
scaffold_group033	ScTjWWh_992-HRSCAF-1623	1451	454528027
scaffold_group033	ScTjWWh_993-HRSCAF-1624	2948	454530975
scaffold_group033	ScTjWWh_994-HRSCAF-1626	2677	454533652
scaffold_group033	ScTjWWh_995-HRSCAF-1628	1845	454535497
scaffold_group033	ScTjWWh_996-HRSCAF-1629	1311	454536808
scaffold_group033	ScTjWWh_997-HRSCAF-1630	2100	454538908
scaffold_group033	ScTjWWh_998-HRSCAF-1632	2124	454541032
scaffold_group033	ScTjWWh_999-HRSCAF-1635	1117	454542149
scaffold_group033	ScTjWWh_1000-HRSCAF-1637	1783	454543932
scaffold_group033	ScTjWWh_1001-HRSCAF-1640	5599	454549531
scaffold_group034	ScTjWWh_1002-HRSCAF-1641	10601	454560132
scaffold_group034	ScTjWWh_1003-HRSCAF-1642	3000	454563132
scaffold_group034	ScTjWWh_1004-HRSCAF-1643	1768	454564900
scaffold_group034	ScTjWWh_1005-HRSCAF-1644	1699	454566599
scaffold_group034	ScTjWWh_1006-HRSCAF-1645	2941	454569540
scaffold_group034	ScTjWWh_1007-HRSCAF-1646	1866	454571406
scaffold_group034	ScTjWWh_1008-HRSCAF-1647	1060	454572466
scaffold_group034	ScTjWWh_1009-HRSCAF-1648	1340	454573806
scaffold_group034	ScTjWWh_1010-HRSCAF-1649	4562	454578368
scaffold_group034	ScTjWWh_1011-HRSCAF-1651	2168	454580536
scaffold_group034	ScTjWWh_1012-HRSCAF-1654	2131	454582667
scaffold_group034	ScTjWWh_1013-HRSCAF-1655	7986	454590653
scaffold_group034	ScTjWWh_1014-HRSCAF-1658	2741	454593394
scaffold_group034	ScTjWWh_1015-HRSCAF-1661	1331	454594725
scaffold_group034	ScTjWWh_1016-HRSCAF-1662	3178	454597903
scaffold_group034	ScTjWWh_1017-HRSCAF-1663	5490	454603393
scaffold_group034	ScTjWWh_1018-HRSCAF-1664	2286	454605679
scaffold_group034	ScTjWWh_1019-HRSCAF-1665	1184	454606863
scaffold_group034	ScTjWWh_1020-HRSCAF-1667	2449	454609312
scaffold_group034	ScTjWWh_1021-HRSCAF-1669	1291	454610603
scaffold_group034	ScTjWWh_1023-HRSCAF-1676	3056	480241599
scaffold_group034	ScTjWWh_1024-HRSCAF-1679	1217	480242816
scaffold_group034	ScTjWWh_1025-HRSCAF-1680	1665	480244481
scaffold_group034	ScTjWWh_1026-HRSCAF-1684	1466	480245947
scaffold_group034	ScTjWWh_1027-HRSCAF-1685	3691	480249638
scaffold_group034	ScTjWWh_1028-HRSCAF-1686	1189	480250827
scaffold_group034	ScTjWWh_1029-HRSCAF-1687	3701	480254528
scaffold_group034	ScTjWWh_1030-HRSCAF-1688	1816	480256344
scaffold_group034	ScTjWWh_1031-HRSCAF-1692	1283	480257627
scaffold_group034	ScTjWWh_1032-HRSCAF-1694	4308	480261935
scaffold_group035	ScTjWWh_1033-HRSCAF-1697	8270	480270205
scaffold_group035	ScTjWWh_1034-HRSCAF-1699	1214	480271419
scaffold_group035	ScTjWWh_1035-HRSCAF-1701	4466	480275885
scaffold_group035	ScTjWWh_1036-HRSCAF-1702	2127	480278012
scaffold_group035	ScTjWWh_1037-HRSCAF-1703	1313	480279325
scaffold_group035	ScTjWWh_1038-HRSCAF-1704	1012	480280337
scaffold_group035	ScTjWWh_1039-HRSCAF-1706	1579	480281916
scaffold_group035	ScTjWWh_1040-HRSCAF-1707	1245	480283161
scaffold_group035	ScTjWWh_1041-HRSCAF-1708	1195	480284356
scaffold_group035	ScTjWWh_1042-HRSCAF-1709	1344	480285700
scaffold_group035	ScTjWWh_1043-HRSCAF-1712	3782	480289482
scaffold_group035	ScTjWWh_1044-HRSCAF-1714	1629	480291111
scaffold_group035	ScTjWWh_1045-HRSCAF-1716	1526	480292637
scaffold_group035	ScTjWWh_1046-HRSCAF-1717	2949	480295586
scaffold_group035	ScTjWWh_1047-HRSCAF-1718	4136	480299722
scaffold_group035	ScTjWWh_1048-HRSCAF-1719	3294	480303016
scaffold_group035	ScTjWWh_1049-HRSCAF-1720	3372	480306388
scaffold_group035	ScTjWWh_1050-HRSCAF-1722	4837	480311225
scaffold_group035	ScTjWWh_1051-HRSCAF-1724	1312	480312537
scaffold_group035	ScTjWWh_1052-HRSCAF-1725	1051	480313588
scaffold_group035	ScTjWWh_1053-HRSCAF-1726	1140	480314728
scaffold_group035	ScTjWWh_1054-HRSCAF-1727	1265	480315993
scaffold_group035	ScTjWWh_1055-HRSCAF-1729	1320	480317313
scaffold_group035	ScTjWWh_1056-HRSCAF-1730	1102	480318415
scaffold_group035	ScTjWWh_1057-HRSCAF-1731	1930	480320345
scaffold_group035	ScTjWWh_1058-HRSCAF-1733	1776	480322121
scaffold_group035	ScTjWWh_1059-HRSCAF-1734	2830	480324951
scaffold_group035	ScTjWWh_1060-HRSCAF-1735	3715	480328666
scaffold_group035	ScTjWWh_1061-HRSCAF-1736	1237	480329903
scaffold_group035	ScTjWWh_1062-HRSCAF-1737	1739	480331642
scaffold_group036	ScTjWWh_1063-HRSCAF-1739	5575	480337217
scaffold_group036	ScTjWWh_1064-HRSCAF-1741	2007	480339224
scaffold_group036	ScTjWWh_1065-HRSCAF-1742	2761	480341985
scaffold_group036	ScTjWWh_1066-HRSCAF-1743	2066	480344051
scaffold_group036	ScTjWWh_1067-HRSCAF-1745	2336	480346387
scaffold_group036	ScTjWWh_1068-HRSCAF-1746	2292	480348679
scaffold_group036	ScTjWWh_1069-HRSCAF-1747	1810	480350489
scaffold_group036	ScTjWWh_1070-HRSCAF-1748	1612	480352101
scaffold_group036	ScTjWWh_1071-HRSCAF-1749	1412	480353513
scaffold_group036	ScTjWWh_1072-HRSCAF-1750	1017	480354530
scaffold_group036	ScTjWWh_1073-HRSCAF-1751	1245	480355775
scaffold_group036	ScTjWWh_1074-HRSCAF-1752	1558	480357333
scaffold_group036	ScTjWWh_1075-HRSCAF-1755	1122	480358455
scaffold_group036	ScTjWWh_1076-HRSCAF-1756	1664	480360119
scaffold_group036	ScTjWWh_1077-HRSCAF-1758	2186	480362305
scaffold_group036	ScTjWWh_1078-HRSCAF-1759	1247	480363552
scaffold_group036	ScTjWWh_1079-HRSCAF-1760	1186	480364738
scaffold_group036	ScTjWWh_1080-HRSCAF-1763	1696	480366434
scaffold_group036	ScTjWWh_1081-HRSCAF-1764	1079	480367513
scaffold_group036	ScTjWWh_1082-HRSCAF-1765	2074	480369587
scaffold_group036	ScTjWWh_1083-HRSCAF-1766	1299	480370886
scaffold_group036	ScTjWWh_1084-HRSCAF-1768	1821	480372707
scaffold_group036	ScTjWWh_1085-HRSCAF-1770	4254	480376961
scaffold_group036	ScTjWWh_1086-HRSCAF-1772	3173	480380134
scaffold_group036	ScTjWWh_1087-HRSCAF-1773	1507	480381641
scaffold_group036	ScTjWWh_1088-HRSCAF-1775	2581	480384222
scaffold_group036	ScTjWWh_1089-HRSCAF-1776	1525	480385747
scaffold_group036	ScTjWWh_1090-HRSCAF-1777	1791	480387538
scaffold_group036	ScTjWWh_1091-HRSCAF-1778	4599	480392137
scaffold_group036	ScTjWWh_1092-HRSCAF-1779	2235	480394372
scaffold_group037	ScTjWWh_1093-HRSCAF-1782	2187	480396559
scaffold_group037	ScTjWWh_1094-HRSCAF-1785	1363	480397922
scaffold_group037	ScTjWWh_1095-HRSCAF-1786	1366	480399288
scaffold_group037	ScTjWWh_1096-HRSCAF-1787	1691	480400979
scaffold_group037	ScTjWWh_1097-HRSCAF-1788	1018	480401997
scaffold_group037	ScTjWWh_1098-HRSCAF-1789	4649	480406646
scaffold_group037	ScTjWWh_1099-HRSCAF-1790	1431	480408077
scaffold_group037	ScTjWWh_1100-HRSCAF-1792	4822	480412899
scaffold_group037	ScTjWWh_1101-HRSCAF-1795	2910	480415809
scaffold_group037	ScTjWWh_1102-HRSCAF-1796	2950	480418759
scaffold_group037	ScTjWWh_1103-HRSCAF-1797	2644	480421403
scaffold_group037	ScTjWWh_1104-HRSCAF-1798	3275	480424678
scaffold_group037	ScTjWWh_1105-HRSCAF-1799	8507	480433185
scaffold_group037	ScTjWWh_1106-HRSCAF-1800	1270	480434455
scaffold_group037	ScTjWWh_1107-HRSCAF-1801	1044	480435499
scaffold_group037	ScTjWWh_1108-HRSCAF-1803	2248	480437747
scaffold_group037	ScTjWWh_1109-HRSCAF-1804	2561	480440308
scaffold_group037	ScTjWWh_1110-HRSCAF-1805	3019	480443327
scaffold_group037	ScTjWWh_1111-HRSCAF-1806	1642	480444969
scaffold_group037	ScTjWWh_1112-HRSCAF-1807	2780	480447749
scaffold_group037	ScTjWWh_1113-HRSCAF-1809	2906	480450655
scaffold_group037	ScTjWWh_1114-HRSCAF-1813	2143	480452798
scaffold_group037	ScTjWWh_1115-HRSCAF-1815	1607	480454405
scaffold_group037	ScTjWWh_1116-HRSCAF-1817	1520	480455925
scaffold_group037	ScTjWWh_1117-HRSCAF-1819	1519	480457444
scaffold_group037	ScTjWWh_1118-HRSCAF-1821	1486	480458930
scaffold_group037	ScTjWWh_1119-HRSCAF-1822	1259	480460189
scaffold_group037	ScTjWWh_1120-HRSCAF-1825	1122	480461311
scaffold_group037	ScTjWWh_1121-HRSCAF-1826	2535	480463846
scaffold_group037	ScTjWWh_1122-HRSCAF-1827	1147	480464993
scaffold_group038	ScTjWWh_1123-HRSCAF-1828	1202	480466195
scaffold_group038	ScTjWWh_1124-HRSCAF-1829	1666	480467861
scaffold_group038	ScTjWWh_1125-HRSCAF-1837	85982	480553843
scaffold_group038	ScTjWWh_1126-HRSCAF-1838	1339	480555182
scaffold_group038	ScTjWWh_1127-HRSCAF-1842	1407	480556589
scaffold_group038	ScTjWWh_1128-HRSCAF-1843	1074	480557663
scaffold_group038	ScTjWWh_1129-HRSCAF-1844	3704	480561367
scaffold_group038	ScTjWWh_1130-HRSCAF-1846	1687	480563054
scaffold_group038	ScTjWWh_1131-HRSCAF-1847	1371	480564425
scaffold_group038	ScTjWWh_1132-HRSCAF-1849	2117	480566542
scaffold_group038	ScTjWWh_1133-HRSCAF-1850	1076	480567618
scaffold_group038	ScTjWWh_1134-HRSCAF-1852	1600	480569218
scaffold_group038	ScTjWWh_1135-HRSCAF-1853	1059	480570277
scaffold_group038	ScTjWWh_1136-HRSCAF-1857	1323	480571600
scaffold_group038	ScTjWWh_1137-HRSCAF-1858	1656	480573256
scaffold_group038	ScTjWWh_1138-HRSCAF-1859	1364	480574620
scaffold_group038	ScTjWWh_1139-HRSCAF-1860	3453	480578073
scaffold_group038	ScTjWWh_1140-HRSCAF-1861	2673	480580746
scaffold_group038	ScTjWWh_1141-HRSCAF-1864	2316	480583062
scaffold_group038	ScTjWWh_1142-HRSCAF-1867	2259	480585321
scaffold_group038	ScTjWWh_1143-HRSCAF-1869	1691	480587012
scaffold_group038	ScTjWWh_1144-HRSCAF-1870	1069	480588081
scaffold_group038	ScTjWWh_1145-HRSCAF-1871	1639	480589720
scaffold_group038	ScTjWWh_1146-HRSCAF-1874	1078	480590798
scaffold_group038	ScTjWWh_1147-HRSCAF-1875	4280	480595078
scaffold_group038	ScTjWWh_1148-HRSCAF-1876	4619	480599697
scaffold_group038	ScTjWWh_1149-HRSCAF-1877	1584	480601281
scaffold_group038	ScTjWWh_1150-HRSCAF-1878	1440	480602721
scaffold_group038	ScTjWWh_1151-HRSCAF-1879	2588	480605309
scaffold_group038	ScTjWWh_1152-HRSCAF-1880	1146	480606455
scaffold_group039	ScTjWWh_1153-HRSCAF-1881	1405	480607860
scaffold_group039	ScTjWWh_1154-HRSCAF-1884	1263	480609123
scaffold_group039	ScTjWWh_1155-HRSCAF-1885	1670	480610793
scaffold_group039	ScTjWWh_1156-HRSCAF-1887	3947	480614740
scaffold_group039	ScTjWWh_1157-HRSCAF-1888	1171	480615911
scaffold_group039	ScTjWWh_1158-HRSCAF-1889	1189	480617100
scaffold_group039	ScTjWWh_1159-HRSCAF-1890	4203	480621303
scaffold_group039	ScTjWWh_1160-HRSCAF-1891	1833	480623136
scaffold_group039	ScTjWWh_1161-HRSCAF-1892	9908	480633044
scaffold_group039	ScTjWWh_1162-HRSCAF-1893	15721	480648765
scaffold_group039	ScTjWWh_1163-HRSCAF-1894	4702	480653467
scaffold_group039	ScTjWWh_1164-HRSCAF-1896	8024	480661491
scaffold_group039	ScTjWWh_1165-HRSCAF-1897	1662	480663153
scaffold_group039	ScTjWWh_1166-HRSCAF-1898	2432	480665585
scaffold_group039	ScTjWWh_1167-HRSCAF-1899	2526	480668111
scaffold_group039	ScTjWWh_1168-HRSCAF-1903	2163	480670274
scaffold_group039	ScTjWWh_1169-HRSCAF-1904	2284	480672558
scaffold_group039	ScTjWWh_1170-HRSCAF-1907	2864	480675422
scaffold_group039	ScTjWWh_1171-HRSCAF-1908	9170	480684592
scaffold_group039	ScTjWWh_1172-HRSCAF-1909	2951	480687543
scaffold_group039	ScTjWWh_1173-HRSCAF-1910	1919	480689462
scaffold_group039	ScTjWWh_1174-HRSCAF-1911	3414	480692876
scaffold_group039	ScTjWWh_1175-HRSCAF-1913	1797	480694673
scaffold_group039	ScTjWWh_1176-HRSCAF-1914	1829	480696502
scaffold_group039	ScTjWWh_1177-HRSCAF-1915	1010	480697512
scaffold_group039	ScTjWWh_1178-HRSCAF-1919	4228	480701740
scaffold_group039	ScTjWWh_1179-HRSCAF-1920	1387	480703127
scaffold_group039	ScTjWWh_1180-HRSCAF-1921	1274	480704401
scaffold_group039	ScTjWWh_1181-HRSCAF-1922	1788	480706189
scaffold_group039	ScTjWWh_1182-HRSCAF-1926	1066	480707255
scaffold_group040	ScTjWWh_1183-HRSCAF-1927	1037	480708292
scaffold_group040	ScTjWWh_1184-HRSCAF-1928	1004	480709296
scaffold_group040	ScTjWWh_1185-HRSCAF-1929	2629	480711925
scaffold_group040	ScTjWWh_1186-HRSCAF-1930	6383	480718308
scaffold_group040	ScTjWWh_1187-HRSCAF-1931	1082	480719390
scaffold_group040	ScTjWWh_1188-HRSCAF-1933	1906	480721296
scaffold_group040	ScTjWWh_1189-HRSCAF-1935	1603	480722899
scaffold_group040	ScTjWWh_1190-HRSCAF-1936	1388	480724287
scaffold_group040	ScTjWWh_1191-HRSCAF-1940	2727	480727014
scaffold_group040	ScTjWWh_1192-HRSCAF-1941	1040	480728054
scaffold_group040	ScTjWWh_1193-HRSCAF-1943	1329	480729383
scaffold_group040	ScTjWWh_1194-HRSCAF-1946	4115	480733498
scaffold_group040	ScTjWWh_1195-HRSCAF-1947	1696	480735194
scaffold_group040	ScTjWWh_1196-HRSCAF-1948	7557	480742751
scaffold_group040	ScTjWWh_1197-HRSCAF-1949	1786	480744537
scaffold_group040	ScTjWWh_1198-HRSCAF-1950	1206	480745743
scaffold_group040	ScTjWWh_1199-HRSCAF-1951	1746	480747489
scaffold_group040	ScTjWWh_1200-HRSCAF-1953	2171	480749660
scaffold_group040	ScTjWWh_1201-HRSCAF-1954	1222	480750882
scaffold_group040	ScTjWWh_1202-HRSCAF-1955	1088	480751970
scaffold_group040	ScTjWWh_1203-HRSCAF-1956	4884	480756854
scaffold_group040	ScTjWWh_1204-HRSCAF-1957	2056	480758910
scaffold_group040	ScTjWWh_1205-HRSCAF-1958	2387	480761297
scaffold_group040	ScTjWWh_1206-HRSCAF-1959	6231	480767528
scaffold_group040	ScTjWWh_1207-HRSCAF-1960	1034	480768562
scaffold_group040	ScTjWWh_1208-HRSCAF-1967	2217	480770779
scaffold_group040	ScTjWWh_1209-HRSCAF-1968	1767	480772546
scaffold_group040	ScTjWWh_1210-HRSCAF-1969	1323	480773869
scaffold_group040	ScTjWWh_1211-HRSCAF-1970	2179	480776048
scaffold_group040	ScTjWWh_1212-HRSCAF-1971	2631	480778679
scaffold_group041	ScTjWWh_1213-HRSCAF-1972	2300	480780979
scaffold_group041	ScTjWWh_1214-HRSCAF-1973	2846	480783825
scaffold_group041	ScTjWWh_1215-HRSCAF-1974	2955	480786780
scaffold_group041	ScTjWWh_1216-HRSCAF-1976	1147	480787927
scaffold_group041	ScTjWWh_1217-HRSCAF-1978	1068	480788995
scaffold_group041	ScTjWWh_1218-HRSCAF-1979	1462	480790457
scaffold_group041	ScTjWWh_1219-HRSCAF-1980	2758	480793215
scaffold_group041	ScTjWWh_1220-HRSCAF-1981	1155	480794370
scaffold_group041	ScTjWWh_1221-HRSCAF-1982	1217	480795587
scaffold_group041	ScTjWWh_1222-HRSCAF-1985	1299	480796886
scaffold_group041	ScTjWWh_1223-HRSCAF-1986	1056	480797942
scaffold_group041	ScTjWWh_1224-HRSCAF-1987	1265	480799207
scaffold_group041	ScTjWWh_1225-HRSCAF-1988	1138	480800345
scaffold_group041	ScTjWWh_1226-HRSCAF-1989	3074	480803419
scaffold_group041	ScTjWWh_1227-HRSCAF-1990	1499	480804918
scaffold_group041	ScTjWWh_1228-HRSCAF-1991	5263	480810181
scaffold_group041	ScTjWWh_1229-HRSCAF-1992	1491	480811672
scaffold_group041	ScTjWWh_1230-HRSCAF-1993	2306	480813978
scaffold_group041	ScTjWWh_1231-HRSCAF-1997	1708	480815686
scaffold_group041	ScTjWWh_1232-HRSCAF-2000	2709	480818395
scaffold_group041	ScTjWWh_1233-HRSCAF-2001	1751	480820146
scaffold_group041	ScTjWWh_1234-HRSCAF-2006	1768	480821914
scaffold_group041	ScTjWWh_1235-HRSCAF-2008	3718	480825632
scaffold_group041	ScTjWWh_1236-HRSCAF-2010	1360	480826992
scaffold_group041	ScTjWWh_1237-HRSCAF-2011	4128	480831120
scaffold_group041	ScTjWWh_1238-HRSCAF-2013	1560	480832680
scaffold_group041	ScTjWWh_1239-HRSCAF-2014	1225	480833905
scaffold_group041	ScTjWWh_1240-HRSCAF-2015	2000	480835905
scaffold_group041	ScTjWWh_1241-HRSCAF-2016	6919	480842824
scaffold_group041	ScTjWWh_1242-HRSCAF-2017	1498	480844322
scaffold_group042	ScTjWWh_1243-HRSCAF-2018	1196	480845518
scaffold_group042	ScTjWWh_1244-HRSCAF-2019	1197	480846715
scaffold_group042	ScTjWWh_1245-HRSCAF-2020	1948	480848663
scaffold_group042	ScTjWWh_1246-HRSCAF-2022	1991	480850654
scaffold_group042	ScTjWWh_1247-HRSCAF-2023	1778	480852432
scaffold_group042	ScTjWWh_1248-HRSCAF-2024	1261	480853693
scaffold_group042	ScTjWWh_1249-HRSCAF-2025	6408	480860101
scaffold_group042	ScTjWWh_1250-HRSCAF-2026	2575	480862676
scaffold_group042	ScTjWWh_1251-HRSCAF-2027	4347	480867023
scaffold_group042	ScTjWWh_1252-HRSCAF-2028	1616	480868639
scaffold_group042	ScTjWWh_1253-HRSCAF-2029	1214	480869853
scaffold_group042	ScTjWWh_1254-HRSCAF-2030	3191	480873044
scaffold_group042	ScTjWWh_1255-HRSCAF-2031	4578	480877622
scaffold_group042	ScTjWWh_1256-HRSCAF-2032	3689	480881311
scaffold_group042	ScTjWWh_1257-HRSCAF-2033	1984	480883295
scaffold_group042	ScTjWWh_1258-HRSCAF-2037	1599	480884894
scaffold_group042	ScTjWWh_1259-HRSCAF-2039	2795	480887689
scaffold_group042	ScTjWWh_1260-HRSCAF-2040	1065	480888754
scaffold_group042	ScTjWWh_1261-HRSCAF-2041	1617	480890371
scaffold_group042	ScTjWWh_1262-HRSCAF-2042	1154	480891525
scaffold_group042	ScTjWWh_1263-HRSCAF-2043	1965	480893490
scaffold_group042	ScTjWWh_1264-HRSCAF-2044	1040	480894530
scaffold_group042	ScTjWWh_1265-HRSCAF-2045	1102	480895632
scaffold_group042	ScTjWWh_1266-HRSCAF-2046	1928	480897560
scaffold_group042	ScTjWWh_1267-HRSCAF-2048	1453	480899013
scaffold_group042	ScTjWWh_1268-HRSCAF-2049	6953	480905966
scaffold_group042	ScTjWWh_1269-HRSCAF-2050	1067	480907033
scaffold_group042	ScTjWWh_1270-HRSCAF-2051	1073	480908106
scaffold_group042	ScTjWWh_1271-HRSCAF-2053	2960	480911066
scaffold_group042	ScTjWWh_1272-HRSCAF-2054	1875	480912941
scaffold_group043	ScTjWWh_1273-HRSCAF-2055	2414	480915355
scaffold_group043	ScTjWWh_1274-HRSCAF-2057	2273	480917628
scaffold_group043	ScTjWWh_1275-HRSCAF-2058	1288	480918916
scaffold_group043	ScTjWWh_1276-HRSCAF-2060	2136	480921052
scaffold_group043	ScTjWWh_1277-HRSCAF-2061	1772	480922824
scaffold_group043	ScTjWWh_1278-HRSCAF-2062	1382	480924206
scaffold_group043	ScTjWWh_1279-HRSCAF-2064	1604	480925810
scaffold_group043	ScTjWWh_1280-HRSCAF-2069	1407	480927217
scaffold_group043	ScTjWWh_1281-HRSCAF-2070	1578	480928795
scaffold_group043	ScTjWWh_1282-HRSCAF-2071	1504	480930299
scaffold_group043	ScTjWWh_1283-HRSCAF-2072	1540	480931839
scaffold_group043	ScTjWWh_1284-HRSCAF-2073	1093	480932932
scaffold_group043	ScTjWWh_1285-HRSCAF-2074	1900	480934832
scaffold_group043	ScTjWWh_1286-HRSCAF-2075	1255	480936087
scaffold_group043	ScTjWWh_1287-HRSCAF-2076	3413	480939500
scaffold_group043	ScTjWWh_1288-HRSCAF-2080	1025	480940525
scaffold_group043	ScTjWWh_1289-HRSCAF-2082	4034	480944559
scaffold_group043	ScTjWWh_1290-HRSCAF-2083	2141	480946700
scaffold_group043	ScTjWWh_1291-HRSCAF-2084	2007	480948707
scaffold_group043	ScTjWWh_1292-HRSCAF-2085	1500	480950207
scaffold_group043	ScTjWWh_1293-HRSCAF-2086	2830	480953037
scaffold_group043	ScTjWWh_1294-HRSCAF-2087	1139	480954176
scaffold_group043	ScTjWWh_1295-HRSCAF-2090	1428	480955604
scaffold_group043	ScTjWWh_1296-HRSCAF-2091	1212	480956816
scaffold_group043	ScTjWWh_1297-HRSCAF-2093	1115	480957931
scaffold_group043	ScTjWWh_1298-HRSCAF-2094	1048	480958979
scaffold_group043	ScTjWWh_1299-HRSCAF-2095	4803	480963782
scaffold_group043	ScTjWWh_1300-HRSCAF-2097	1259	480965041
scaffold_group043	ScTjWWh_1301-HRSCAF-2098	2126	480967167
scaffold_group043	ScTjWWh_1302-HRSCAF-2101	1006	480968173
scaffold_group044	ScTjWWh_1303-HRSCAF-2103	1630	480969803
scaffold_group044	ScTjWWh_1304-HRSCAF-2104	2810	480972613
scaffold_group044	ScTjWWh_1305-HRSCAF-2106	2070	480974683
scaffold_group044	ScTjWWh_1306-HRSCAF-2107	2147	480976830
scaffold_group044	ScTjWWh_1307-HRSCAF-2110	1815	480978645
scaffold_group044	ScTjWWh_1308-HRSCAF-2112	1095	480979740
scaffold_group044	ScTjWWh_1309-HRSCAF-2113	1115	480980855
scaffold_group044	ScTjWWh_1310-HRSCAF-2115	2351	480983206
scaffold_group044	ScTjWWh_1311-HRSCAF-2116	1084	480984290
scaffold_group044	ScTjWWh_1312-HRSCAF-2117	1536	480985826
scaffold_group044	ScTjWWh_1313-HRSCAF-2118	1049	480986875
scaffold_group044	ScTjWWh_1314-HRSCAF-2119	6567	480993442
scaffold_group044	ScTjWWh_1315-HRSCAF-2120	1418	480994860
scaffold_group044	ScTjWWh_1316-HRSCAF-2121	2013	480996873
scaffold_group044	ScTjWWh_1317-HRSCAF-2122	1714	480998587
scaffold_group044	ScTjWWh_1318-HRSCAF-2124	1603	481000190
scaffold_group044	ScTjWWh_1319-HRSCAF-2125	1028	481001218
scaffold_group044	ScTjWWh_1320-HRSCAF-2126	1547	481002765
scaffold_group044	ScTjWWh_1321-HRSCAF-2127	1304	481004069
scaffold_group044	ScTjWWh_1322-HRSCAF-2130	2159	481006228
scaffold_group044	ScTjWWh_1323-HRSCAF-2131	1323	481007551
scaffold_group044	ScTjWWh_1324-HRSCAF-2134	1383	481008934
scaffold_group044	ScTjWWh_1325-HRSCAF-2135	1733	481010667
scaffold_group044	ScTjWWh_1326-HRSCAF-2136	2999	481013666
scaffold_group044	ScTjWWh_1327-HRSCAF-2137	1708	481015374
scaffold_group044	ScTjWWh_1328-HRSCAF-2138	1164	481016538
scaffold_group044	ScTjWWh_1329-HRSCAF-2140	2134	481018672
scaffold_group044	ScTjWWh_1330-HRSCAF-2141	1125	481019797
scaffold_group044	ScTjWWh_1331-HRSCAF-2142	1216	481021013
scaffold_group044	ScTjWWh_1332-HRSCAF-2143	1627	481022640
scaffold_group045	ScTjWWh_1333-HRSCAF-2144	1099	481023739
scaffold_group045	ScTjWWh_1334-HRSCAF-2145	2599	481026338
scaffold_group045	ScTjWWh_1335-HRSCAF-2146	5043	481031381
scaffold_group045	ScTjWWh_1336-HRSCAF-2149	1293	481032674
scaffold_group045	ScTjWWh_1337-HRSCAF-2151	1032	481033706
scaffold_group045	ScTjWWh_1338-HRSCAF-2152	2486	481036192
scaffold_group045	ScTjWWh_1339-HRSCAF-2156	2448	481038640
scaffold_group045	ScTjWWh_1340-HRSCAF-2157	1622	481040262
scaffold_group045	ScTjWWh_1341-HRSCAF-2161	1146	481041408
scaffold_group045	ScTjWWh_1342-HRSCAF-2163	1043	481042451
scaffold_group045	ScTjWWh_1343-HRSCAF-2164	1607	481044058
scaffold_group045	ScTjWWh_1344-HRSCAF-2165	1399	481045457
scaffold_group045	ScTjWWh_1345-HRSCAF-2166	1932	481047389
scaffold_group045	ScTjWWh_1346-HRSCAF-2167	1774	481049163
scaffold_group045	ScTjWWh_1347-HRSCAF-2172	3632	481052795
scaffold_group045	ScTjWWh_1348-HRSCAF-2174	2582	481055377
scaffold_group045	ScTjWWh_1349-HRSCAF-2175	1952	481057329
scaffold_group045	ScTjWWh_1350-HRSCAF-2176	1003	481058332
scaffold_group045	ScTjWWh_1351-HRSCAF-2177	1036	481059368
scaffold_group045	ScTjWWh_1352-HRSCAF-2178	4124	481063492
scaffold_group045	ScTjWWh_1353-HRSCAF-2179	3102	481066594
scaffold_group045	ScTjWWh_1354-HRSCAF-2182	5474	481072068
scaffold_group045	ScTjWWh_1355-HRSCAF-2183	1724	481073792
scaffold_group045	ScTjWWh_1356-HRSCAF-2185	2558	481076350
scaffold_group045	ScTjWWh_1357-HRSCAF-2186	1793	481078143
scaffold_group045	ScTjWWh_1358-HRSCAF-2187	2481	481080624
scaffold_group045	ScTjWWh_1359-HRSCAF-2188	1086	481081710
scaffold_group045	ScTjWWh_1360-HRSCAF-2189	1301	481083011
scaffold_group045	ScTjWWh_1361-HRSCAF-2190	1093	481084104
scaffold_group045	ScTjWWh_1362-HRSCAF-2193	1074	481085178
scaffold_group046	ScTjWWh_1363-HRSCAF-2195	2121	481087299
scaffold_group046	ScTjWWh_1364-HRSCAF-2197	1520	481088819
scaffold_group046	ScTjWWh_1365-HRSCAF-2199	1840	481090659
scaffold_group046	ScTjWWh_1366-HRSCAF-2200	1363	481092022
scaffold_group046	ScTjWWh_1367-HRSCAF-2202	2502	481094524
scaffold_group046	ScTjWWh_1368-HRSCAF-2204	1041	481095565
scaffold_group046	ScTjWWh_1369-HRSCAF-2205	1233	481096798
scaffold_group046	ScTjWWh_1370-HRSCAF-2206	1508	481098306
scaffold_group046	ScTjWWh_1371-HRSCAF-2207	5124	481103430
scaffold_group046	ScTjWWh_1372-HRSCAF-2208	1618	481105048
scaffold_group046	ScTjWWh_1373-HRSCAF-2210	2777	481107825
scaffold_group046	ScTjWWh_1374-HRSCAF-2211	1963	481109788
scaffold_group046	ScTjWWh_1375-HRSCAF-2212	5061	481114849
scaffold_group046	ScTjWWh_1376-HRSCAF-2215	3391	481118240
scaffold_group046	ScTjWWh_1377-HRSCAF-2216	1142	481119382
scaffold_group046	ScTjWWh_1378-HRSCAF-2217	1806	481121188
scaffold_group046	ScTjWWh_1379-HRSCAF-2218	1324	481122512
scaffold_group046	ScTjWWh_1380-HRSCAF-2219	5046	481127558
scaffold_group046	ScTjWWh_1381-HRSCAF-2220	2957	481130515
scaffold_group046	ScTjWWh_1382-HRSCAF-2221	1795	481132310
scaffold_group046	ScTjWWh_1383-HRSCAF-2222	1024	481133334
scaffold_group046	ScTjWWh_1384-HRSCAF-2223	2695	481136029
scaffold_group046	ScTjWWh_1385-HRSCAF-2224	2438	481138467
scaffold_group046	ScTjWWh_1386-HRSCAF-2225	1930	481140397
scaffold_group046	ScTjWWh_1387-HRSCAF-2226	6025	481146422
scaffold_group046	ScTjWWh_1388-HRSCAF-2228	1170	481147592
scaffold_group046	ScTjWWh_1389-HRSCAF-2230	1582	481149174
scaffold_group046	ScTjWWh_1390-HRSCAF-2231	11007	481160181
scaffold_group046	ScTjWWh_1391-HRSCAF-2233	5520	481165701
scaffold_group046	ScTjWWh_1392-HRSCAF-2234	1437	481167138
scaffold_group047	ScTjWWh_1393-HRSCAF-2235	1318	481168456
scaffold_group047	ScTjWWh_1394-HRSCAF-2236	1473	481169929
scaffold_group047	ScTjWWh_1395-HRSCAF-2238	2341	481172270
scaffold_group047	ScTjWWh_1397-HRSCAF-2240	1103	501580745
scaffold_group047	ScTjWWh_1398-HRSCAF-2241	1330	501582075
scaffold_group047	ScTjWWh_1399-HRSCAF-2243	1609	501583684
scaffold_group047	ScTjWWh_1400-HRSCAF-2245	1761	501585445
scaffold_group047	ScTjWWh_1401-HRSCAF-2246	1460	501586905
scaffold_group047	ScTjWWh_1402-HRSCAF-2250	7643	501594548
scaffold_group047	ScTjWWh_1403-HRSCAF-2251	1083	501595631
scaffold_group047	ScTjWWh_1404-HRSCAF-2253	3371	501599002
scaffold_group047	ScTjWWh_1405-HRSCAF-2254	6462	501605464
scaffold_group047	ScTjWWh_1406-HRSCAF-2255	2797	501608261
scaffold_group047	ScTjWWh_1407-HRSCAF-2256	2314	501610575
scaffold_group047	ScTjWWh_1408-HRSCAF-2258	1966	501612541
scaffold_group047	ScTjWWh_1409-HRSCAF-2260	2893	501615434
scaffold_group047	ScTjWWh_1410-HRSCAF-2261	1702	501617136
scaffold_group047	ScTjWWh_1411-HRSCAF-2262	1896	501619032
scaffold_group047	ScTjWWh_1412-HRSCAF-2267	1123	501620155
scaffold_group047	ScTjWWh_1413-HRSCAF-2273	3325	501623480
scaffold_group047	ScTjWWh_1414-HRSCAF-2274	1961	501625441
scaffold_group047	ScTjWWh_1415-HRSCAF-2275	3049	501628490
scaffold_group047	ScTjWWh_1416-HRSCAF-2277	1761	501630251
scaffold_group047	ScTjWWh_1417-HRSCAF-2278	4056	501634307
scaffold_group047	ScTjWWh_1418-HRSCAF-2279	1992	501636299
scaffold_group047	ScTjWWh_1419-HRSCAF-2281	2007	501638306
scaffold_group047	ScTjWWh_1420-HRSCAF-2283	34291	501672597
scaffold_group047	ScTjWWh_1421-HRSCAF-2287	1040	501673637
scaffold_group047	ScTjWWh_1422-HRSCAF-2289	2417	501676054
scaffold_group047	ScTjWWh_1423-HRSCAF-2291	1156	501677210
scaffold_group048	ScTjWWh_1424-HRSCAF-2292	1311	501678521
scaffold_group048	ScTjWWh_1425-HRSCAF-2293	1032	501679553
scaffold_group048	ScTjWWh_1426-HRSCAF-2294	1627	501681180
scaffold_group048	ScTjWWh_1427-HRSCAF-2296	2425	501683605
scaffold_group048	ScTjWWh_1428-HRSCAF-2298	5434	501689039
scaffold_group048	ScTjWWh_1429-HRSCAF-2300	1381	501690420
scaffold_group048	ScTjWWh_1430-HRSCAF-2301	1382	501691802
scaffold_group048	ScTjWWh_1431-HRSCAF-2302	2756	501694558
scaffold_group048	ScTjWWh_1432-HRSCAF-2304	1121	501695679
scaffold_group048	ScTjWWh_1433-HRSCAF-2306	2000	501697679
scaffold_group048	ScTjWWh_1434-HRSCAF-2307	1418	501699097
scaffold_group048	ScTjWWh_1435-HRSCAF-2308	2652	501701749
scaffold_group048	ScTjWWh_1436-HRSCAF-2309	1679	501703428
scaffold_group048	ScTjWWh_1437-HRSCAF-2310	2617	501706045
scaffold_group048	ScTjWWh_1438-HRSCAF-2311	1890	501707935
scaffold_group048	ScTjWWh_1439-HRSCAF-2312	1090	501709025
scaffold_group048	ScTjWWh_1440-HRSCAF-2313	3622	501712647
scaffold_group048	ScTjWWh_1441-HRSCAF-2315	1703	501714350
scaffold_group048	ScTjWWh_1442-HRSCAF-2317	1888	501716238
scaffold_group048	ScTjWWh_1443-HRSCAF-2318	1125	501717363
scaffold_group048	ScTjWWh_1444-HRSCAF-2320	1603	501718966
scaffold_group048	ScTjWWh_1445-HRSCAF-2321	1083	501720049
scaffold_group048	ScTjWWh_1446-HRSCAF-2322	2186	501722235
scaffold_group048	ScTjWWh_1447-HRSCAF-2324	2044	501724279
scaffold_group048	ScTjWWh_1448-HRSCAF-2325	1210	501725489
scaffold_group048	ScTjWWh_1449-HRSCAF-2326	3330	501728819
scaffold_group048	ScTjWWh_1450-HRSCAF-2331	1281	501730100
scaffold_group048	ScTjWWh_1451-HRSCAF-2332	6631	501736731
scaffold_group048	ScTjWWh_1452-HRSCAF-2334	4255	501740986
scaffold_group048	ScTjWWh_1453-HRSCAF-2337	1478	501742464
scaffold_group049	ScTjWWh_1454-HRSCAF-2343	3619	501746083
scaffold_group049	ScTjWWh_1455-HRSCAF-2344	1251	501747334
scaffold_group049	ScTjWWh_1456-HRSCAF-2345	2124	501749458
scaffold_group049	ScTjWWh_1457-HRSCAF-2347	1606	501751064
scaffold_group049	ScTjWWh_1458-HRSCAF-2353	1039	501752103
scaffold_group049	ScTjWWh_1459-HRSCAF-2355	2023	501754126
scaffold_group049	ScTjWWh_1460-HRSCAF-2357	1251	501755377
scaffold_group049	ScTjWWh_1461-HRSCAF-2358	1800	501757177
scaffold_group049	ScTjWWh_1462-HRSCAF-2359	1050	501758227
scaffold_group049	ScTjWWh_1463-HRSCAF-2360	1141	501759368
scaffold_group049	ScTjWWh_1464-HRSCAF-2361	1306	501760674
scaffold_group049	ScTjWWh_1465-HRSCAF-2362	2565	501763239
scaffold_group049	ScTjWWh_1466-HRSCAF-2363	1282	501764521
scaffold_group049	ScTjWWh_1467-HRSCAF-2364	1658	501766179
scaffold_group049	ScTjWWh_1468-HRSCAF-2366	1426	501767605
scaffold_group049	ScTjWWh_1469-HRSCAF-2368	1470	501769075
scaffold_group049	ScTjWWh_1470-HRSCAF-2369	1585	501770660
scaffold_group049	ScTjWWh_1471-HRSCAF-2370	2251	501772911
scaffold_group049	ScTjWWh_1472-HRSCAF-2374	4959	501777870
scaffold_group049	ScTjWWh_1473-HRSCAF-2375	2166	501780036
scaffold_group049	ScTjWWh_1474-HRSCAF-2376	1422	501781458
scaffold_group049	ScTjWWh_1475-HRSCAF-2377	7470	501788928
scaffold_group049	ScTjWWh_1476-HRSCAF-2378	8924	501797852
scaffold_group049	ScTjWWh_1477-HRSCAF-2379	1641	501799493
scaffold_group049	ScTjWWh_1478-HRSCAF-2380	1132	501800625
scaffold_group049	ScTjWWh_1479-HRSCAF-2381	1101	501801726
scaffold_group049	ScTjWWh_1480-HRSCAF-2383	2085	501803811
scaffold_group049	ScTjWWh_1481-HRSCAF-2385	2181	501805992
scaffold_group049	ScTjWWh_1482-HRSCAF-2386	2097	501808089
scaffold_group049	ScTjWWh_1483-HRSCAF-2387	1120	501809209
scaffold_group050	ScTjWWh_1484-HRSCAF-2388	1139	501810348
scaffold_group050	ScTjWWh_1485-HRSCAF-2391	1449	501811797
scaffold_group050	ScTjWWh_1486-HRSCAF-2392	2747	501814544
scaffold_group050	ScTjWWh_1487-HRSCAF-2393	3363	501817907
scaffold_group050	ScTjWWh_1488-HRSCAF-2394	1192	501819099
scaffold_group050	ScTjWWh_1489-HRSCAF-2395	1667	501820766
scaffold_group050	ScTjWWh_1490-HRSCAF-2396	1715	501822481
scaffold_group050	ScTjWWh_1491-HRSCAF-2397	1422	501823903
scaffold_group050	ScTjWWh_1492-HRSCAF-2398	2408	501826311
scaffold_group050	ScTjWWh_1493-HRSCAF-2399	2505	501828816
scaffold_group050	ScTjWWh_1494-HRSCAF-2401	1077	501829893
scaffold_group050	ScTjWWh_1495-HRSCAF-2402	1656	501831549
scaffold_group050	ScTjWWh_1496-HRSCAF-2403	3258	501834807
scaffold_group050	ScTjWWh_1497-HRSCAF-2405	16917	501851724
scaffold_group050	ScTjWWh_1498-HRSCAF-2406	2030	501853754
scaffold_group050	ScTjWWh_1499-HRSCAF-2407	1064	501854818
scaffold_group050	ScTjWWh_1500-HRSCAF-2408	1116	501855934
scaffold_group050	ScTjWWh_1501-HRSCAF-2409	1610	501857544
scaffold_group050	ScTjWWh_1502-HRSCAF-2410	2913	501860457
scaffold_group050	ScTjWWh_1503-HRSCAF-2411	1315	501861772
scaffold_group050	ScTjWWh_1504-HRSCAF-2413	1410	501863182
scaffold_group050	ScTjWWh_1505-HRSCAF-2414	1331	501864513
scaffold_group050	ScTjWWh_1506-HRSCAF-2415	1148	501865661
scaffold_group050	ScTjWWh_1507-HRSCAF-2416	2396	501868057
scaffold_group050	ScTjWWh_1508-HRSCAF-2417	1242	501869299
scaffold_group050	ScTjWWh_1509-HRSCAF-2418	2517	501871816
scaffold_group050	ScTjWWh_1510-HRSCAF-2419	2062	501873878
scaffold_group050	ScTjWWh_1511-HRSCAF-2420	1399	501875277
scaffold_group050	ScTjWWh_1512-HRSCAF-2422	2669	501877946
scaffold_group050	ScTjWWh_1513-HRSCAF-2423	1125	501879071
scaffold_group051	ScTjWWh_1514-HRSCAF-2424	1548	501880619
scaffold_group051	ScTjWWh_1515-HRSCAF-2425	4064	501884683
scaffold_group051	ScTjWWh_1516-HRSCAF-2426	1012	501885695
scaffold_group051	ScTjWWh_1517-HRSCAF-2427	3466	501889161
scaffold_group051	ScTjWWh_1518-HRSCAF-2428	1004	501890165
scaffold_group051	ScTjWWh_1519-HRSCAF-2430	2792	501892957
scaffold_group051	ScTjWWh_1520-HRSCAF-2432	1231	501894188
scaffold_group051	ScTjWWh_1521-HRSCAF-2433	1715	501895903
scaffold_group051	ScTjWWh_1522-HRSCAF-2436	3363	501899266
scaffold_group051	ScTjWWh_1523-HRSCAF-2437	5922	501905188
scaffold_group051	ScTjWWh_1524-HRSCAF-2441	1946	501907134
scaffold_group051	ScTjWWh_1525-HRSCAF-2442	1156	501908290
scaffold_group051	ScTjWWh_1526-HRSCAF-2443	1436	501909726
scaffold_group051	ScTjWWh_1527-HRSCAF-2445	1176	501910902
scaffold_group051	ScTjWWh_1528-HRSCAF-2449	2485	501913387
scaffold_group051	ScTjWWh_1529-HRSCAF-2450	1053	501914440
scaffold_group051	ScTjWWh_1530-HRSCAF-2452	7972	501922412
scaffold_group051	ScTjWWh_1531-HRSCAF-2454	1838	501924250
scaffold_group051	ScTjWWh_1532-HRSCAF-2455	3020	501927270
scaffold_group051	ScTjWWh_1533-HRSCAF-2457	1487	501928757
scaffold_group051	ScTjWWh_1534-HRSCAF-2458	1661	501930418
scaffold_group051	ScTjWWh_1535-HRSCAF-2459	1324	501931742
scaffold_group051	ScTjWWh_1536-HRSCAF-2460	2087	501933829
scaffold_group051	ScTjWWh_1537-HRSCAF-2461	1618	501935447
scaffold_group051	ScTjWWh_1538-HRSCAF-2462	1521	501936968
scaffold_group051	ScTjWWh_1539-HRSCAF-2463	3520	501940488
scaffold_group051	ScTjWWh_1540-HRSCAF-2464	1252	501941740
scaffold_group051	ScTjWWh_1541-HRSCAF-2466	1109	501942849
scaffold_group051	ScTjWWh_1542-HRSCAF-2468	1036	501943885
scaffold_group051	ScTjWWh_1543-HRSCAF-2469	1434	501945319
scaffold_group052	ScTjWWh_1544-HRSCAF-2470	1292	501946611
scaffold_group052	ScTjWWh_1545-HRSCAF-2471	2863	501949474
scaffold_group052	ScTjWWh_1546-HRSCAF-2473	4332	501953806
scaffold_group052	ScTjWWh_1547-HRSCAF-2475	1893	501955699
scaffold_group052	ScTjWWh_1548-HRSCAF-2477	5912	501961611
scaffold_group052	ScTjWWh_1549-HRSCAF-2478	1811	501963422
scaffold_group052	ScTjWWh_1550-HRSCAF-2479	2828	501966250
scaffold_group052	ScTjWWh_1551-HRSCAF-2480	1404	501967654
scaffold_group052	ScTjWWh_1552-HRSCAF-2481	1345	501968999
scaffold_group052	ScTjWWh_1553-HRSCAF-2482	1089	501970088
scaffold_group052	ScTjWWh_1554-HRSCAF-2485	1886	501971974
scaffold_group052	ScTjWWh_1555-HRSCAF-2488	2392	501974366
scaffold_group052	ScTjWWh_1556-HRSCAF-2489	1695	501976061
scaffold_group052	ScTjWWh_1557-HRSCAF-2490	1250	501977311
scaffold_group052	ScTjWWh_1558-HRSCAF-2492	2969	501980280
scaffold_group052	ScTjWWh_1559-HRSCAF-2493	1335	501981615
scaffold_group052	ScTjWWh_1560-HRSCAF-2494	2742	501984357
scaffold_group052	ScTjWWh_1561-HRSCAF-2495	3041	501987398
scaffold_group052	ScTjWWh_1562-HRSCAF-2496	1236	501988634
scaffold_group052	ScTjWWh_1563-HRSCAF-2497	1956	501990590
scaffold_group052	ScTjWWh_1564-HRSCAF-2499	1515	501992105
scaffold_group052	ScTjWWh_1565-HRSCAF-2500	3397	501995502
scaffold_group052	ScTjWWh_1566-HRSCAF-2503	1596	501997098
scaffold_group052	ScTjWWh_1567-HRSCAF-2506	1600	501998698
scaffold_group052	ScTjWWh_1568-HRSCAF-2508	1234	501999932
scaffold_group052	ScTjWWh_1569-HRSCAF-2509	1420	502001352
scaffold_group052	ScTjWWh_1570-HRSCAF-2514	2158	502003510
scaffold_group052	ScTjWWh_1571-HRSCAF-2515	1562	502005072
scaffold_group052	ScTjWWh_1572-HRSCAF-2518	2402	502007474
scaffold_group052	ScTjWWh_1573-HRSCAF-2521	2448	502009922
scaffold_group053	ScTjWWh_1574-HRSCAF-2522	1218	502011140
scaffold_group053	ScTjWWh_1575-HRSCAF-2523	2599	502013739
scaffold_group053	ScTjWWh_1576-HRSCAF-2524	2978	502016717
scaffold_group053	ScTjWWh_1577-HRSCAF-2525	2409	502019126
scaffold_group053	ScTjWWh_1578-HRSCAF-2527	4633	502023759
scaffold_group053	ScTjWWh_1579-HRSCAF-2530	9302	502033061
scaffold_group053	ScTjWWh_1580-HRSCAF-2532	1109	502034170
scaffold_group053	ScTjWWh_1581-HRSCAF-2533	1049	502035219
scaffold_group053	ScTjWWh_1582-HRSCAF-2534	2200	502037419
scaffold_group053	ScTjWWh_1583-HRSCAF-2535	1529	502038948
scaffold_group053	ScTjWWh_1584-HRSCAF-2539	3266	502042214
scaffold_group053	ScTjWWh_1585-HRSCAF-2540	2870	502045084
scaffold_group053	ScTjWWh_1586-HRSCAF-2542	1271	502046355
scaffold_group053	ScTjWWh_1587-HRSCAF-2545	1767	502048122
scaffold_group053	ScTjWWh_1588-HRSCAF-2546	2238	502050360
scaffold_group053	ScTjWWh_1589-HRSCAF-2547	1874	502052234
scaffold_group053	ScTjWWh_1590-HRSCAF-2548	6787	502059021
scaffold_group053	ScTjWWh_1591-HRSCAF-2550	1268	502060289
scaffold_group053	ScTjWWh_1592-HRSCAF-2551	1466	502061755
scaffold_group053	ScTjWWh_1593-HRSCAF-2553	1172	502062927
scaffold_group053	ScTjWWh_1594-HRSCAF-2554	1281	502064208
scaffold_group053	ScTjWWh_1595-HRSCAF-2555	1927	502066135
scaffold_group053	ScTjWWh_1596-HRSCAF-2556	3397	502069532
scaffold_group053	ScTjWWh_1597-HRSCAF-2557	2048	502071580
scaffold_group053	ScTjWWh_1598-HRSCAF-2559	3742	502075322
scaffold_group053	ScTjWWh_1599-HRSCAF-2560	6372	502081694
scaffold_group053	ScTjWWh_1600-HRSCAF-2562	1820	502083514
scaffold_group053	ScTjWWh_1601-HRSCAF-2563	3924	502087438
scaffold_group053	ScTjWWh_1602-HRSCAF-2564	2191	502089629
scaffold_group053	ScTjWWh_1603-HRSCAF-2565	4173	502093802
scaffold_group054	ScTjWWh_1604-HRSCAF-2567	2335	502096137
scaffold_group054	ScTjWWh_1605-HRSCAF-2568	3876	502100013
scaffold_group054	ScTjWWh_1606-HRSCAF-2571	3375	502103388
scaffold_group054	ScTjWWh_1607-HRSCAF-2572	2981	502106369
scaffold_group054	ScTjWWh_1608-HRSCAF-2573	1206	502107575
scaffold_group054	ScTjWWh_1609-HRSCAF-2574	1350	502108925
scaffold_group054	ScTjWWh_1610-HRSCAF-2575	1972	502110897
scaffold_group054	ScTjWWh_1611-HRSCAF-2576	1258	502112155
scaffold_group054	ScTjWWh_1612-HRSCAF-2578	2051	502114206
scaffold_group054	ScTjWWh_1613-HRSCAF-2579	2482	502116688
scaffold_group054	ScTjWWh_1614-HRSCAF-2580	1249	502117937
scaffold_group054	ScTjWWh_1615-HRSCAF-2581	3201	502121138
scaffold_group054	ScTjWWh_1616-HRSCAF-2582	1121	502122259
scaffold_group054	ScTjWWh_1617-HRSCAF-2583	1349	502123608
scaffold_group054	ScTjWWh_1618-HRSCAF-2584	1654	502125262
scaffold_group054	ScTjWWh_1619-HRSCAF-2585	1988	502127250
scaffold_group054	ScTjWWh_1620-HRSCAF-2588	1979	502129229
scaffold_group054	ScTjWWh_1621-HRSCAF-2589	3541	502132770
scaffold_group054	ScTjWWh_1622-HRSCAF-2590	1041	502133811
scaffold_group054	ScTjWWh_1623-HRSCAF-2591	2426	502136237
scaffold_group054	ScTjWWh_1624-HRSCAF-2592	3275	502139512
scaffold_group054	ScTjWWh_1625-HRSCAF-2593	1854	502141366
scaffold_group054	ScTjWWh_1626-HRSCAF-2594	4543	502145909
scaffold_group054	ScTjWWh_1627-HRSCAF-2595	1645	502147554
scaffold_group054	ScTjWWh_1628-HRSCAF-2597	1316	502148870
scaffold_group054	ScTjWWh_1629-HRSCAF-2598	1028	502149898
scaffold_group054	ScTjWWh_1630-HRSCAF-2599	1456	502151354
scaffold_group054	ScTjWWh_1631-HRSCAF-2600	1418	502152772
scaffold_group054	ScTjWWh_1632-HRSCAF-2602	1464	502154236
scaffold_group054	ScTjWWh_1633-HRSCAF-2606	1353	502155589
scaffold_group055	ScTjWWh_1634-HRSCAF-2607	1126	502156715
scaffold_group055	ScTjWWh_1635-HRSCAF-2608	1797	502158512
scaffold_group055	ScTjWWh_1636-HRSCAF-2612	1264	502159776
scaffold_group055	ScTjWWh_1637-HRSCAF-2613	1516	502161292
scaffold_group055	ScTjWWh_1638-HRSCAF-2614	2236	502163528
scaffold_group055	ScTjWWh_1639-HRSCAF-2615	1014	502164542
scaffold_group055	ScTjWWh_1640-HRSCAF-2616	1185	502165727
scaffold_group055	ScTjWWh_1641-HRSCAF-2618	2984	502168711
scaffold_group055	ScTjWWh_1642-HRSCAF-2619	2571	502171282
scaffold_group055	ScTjWWh_1643-HRSCAF-2625	1208	502172490
scaffold_group055	ScTjWWh_1644-HRSCAF-2626	1177	502173667
scaffold_group055	ScTjWWh_1645-HRSCAF-2627	1575	502175242
scaffold_group055	ScTjWWh_1646-HRSCAF-2628	6538	502181780
scaffold_group055	ScTjWWh_1647-HRSCAF-2629	1141	502182921
scaffold_group055	ScTjWWh_1648-HRSCAF-2630	2158	502185079
scaffold_group055	ScTjWWh_1649-HRSCAF-2632	1847	502186926
scaffold_group055	ScTjWWh_1650-HRSCAF-2634	1654	502188580
scaffold_group055	ScTjWWh_1651-HRSCAF-2635	3135	502191715
scaffold_group055	ScTjWWh_1652-HRSCAF-2636	5315	502197030
scaffold_group055	ScTjWWh_1653-HRSCAF-2638	3633	502200663
scaffold_group055	ScTjWWh_1654-HRSCAF-2639	1534	502202197
scaffold_group055	ScTjWWh_1655-HRSCAF-2642	2525	502204722
scaffold_group055	ScTjWWh_1656-HRSCAF-2644	1047	502205769
scaffold_group055	ScTjWWh_1657-HRSCAF-2650	1089	502206858
scaffold_group055	ScTjWWh_1658-HRSCAF-2652	1216	502208074
scaffold_group055	ScTjWWh_1659-HRSCAF-2653	4004	502212078
scaffold_group055	ScTjWWh_1660-HRSCAF-2654	2970	502215048
scaffold_group055	ScTjWWh_1661-HRSCAF-2655	1648	502216696
scaffold_group055	ScTjWWh_1662-HRSCAF-2657	2643	502219339
scaffold_group055	ScTjWWh_1663-HRSCAF-2658	1463	502220802
scaffold_group056	ScTjWWh_1664-HRSCAF-2660	2108	502222910
scaffold_group056	ScTjWWh_1665-HRSCAF-2662	1184	502224094
scaffold_group056	ScTjWWh_1666-HRSCAF-2663	1294	502225388
scaffold_group056	ScTjWWh_1667-HRSCAF-2666	1035	502226423
scaffold_group056	ScTjWWh_1668-HRSCAF-2667	1134	502227557
scaffold_group056	ScTjWWh_1669-HRSCAF-2668	1960	502229517
scaffold_group056	ScTjWWh_1670-HRSCAF-2669	1251	502230768
scaffold_group056	ScTjWWh_1671-HRSCAF-2670	1171	502231939
scaffold_group056	ScTjWWh_1672-HRSCAF-2671	1964	502233903
scaffold_group056	ScTjWWh_1673-HRSCAF-2674	1494	502235397
scaffold_group056	ScTjWWh_1674-HRSCAF-2675	2333	502237730
scaffold_group056	ScTjWWh_1675-HRSCAF-2676	1276	502239006
scaffold_group056	ScTjWWh_1676-HRSCAF-2677	1996	502241002
scaffold_group056	ScTjWWh_1677-HRSCAF-2678	1669	502242671
scaffold_group056	ScTjWWh_1678-HRSCAF-2679	9671	502252342
scaffold_group056	ScTjWWh_1679-HRSCAF-2680	1661	502254003
scaffold_group056	ScTjWWh_1680-HRSCAF-2682	3449	502257452
scaffold_group056	ScTjWWh_1681-HRSCAF-2683	1933	502259385
scaffold_group056	ScTjWWh_1682-HRSCAF-2687	5005	502264390
scaffold_group056	ScTjWWh_1683-HRSCAF-2689	2352	502266742
scaffold_group056	ScTjWWh_1684-HRSCAF-2690	1421	502268163
scaffold_group056	ScTjWWh_1685-HRSCAF-2692	2613	502270776
scaffold_group056	ScTjWWh_1686-HRSCAF-2693	2082	502272858
scaffold_group056	ScTjWWh_1687-HRSCAF-2694	1078	502273936
scaffold_group056	ScTjWWh_1688-HRSCAF-2695	1187	502275123
scaffold_group056	ScTjWWh_1689-HRSCAF-2696	1136	502276259
scaffold_group056	ScTjWWh_1690-HRSCAF-2697	1597	502277856
scaffold_group056	ScTjWWh_1691-HRSCAF-2698	1078	502278934
scaffold_group056	ScTjWWh_1692-HRSCAF-2699	1616	502280550
scaffold_group056	ScTjWWh_1693-HRSCAF-2700	5615	502286165
scaffold_group057	ScTjWWh_1694-HRSCAF-2702	2106	502288271
scaffold_group057	ScTjWWh_1695-HRSCAF-2704	1219	502289490
scaffold_group057	ScTjWWh_1696-HRSCAF-2705	1067	502290557
scaffold_group057	ScTjWWh_1697-HRSCAF-2706	1450	502292007
scaffold_group057	ScTjWWh_1698-HRSCAF-2707	3945	502295952
scaffold_group057	ScTjWWh_1699-HRSCAF-2708	1249	502297201
scaffold_group057	ScTjWWh_1700-HRSCAF-2709	1896	502299097
scaffold_group057	ScTjWWh_1701-HRSCAF-2710	1066	502300163
scaffold_group057	ScTjWWh_1702-HRSCAF-2712	1872	502302035
scaffold_group057	ScTjWWh_1703-HRSCAF-2713	1402	502303437
scaffold_group057	ScTjWWh_1704-HRSCAF-2715	1053	502304490
scaffold_group057	ScTjWWh_1705-HRSCAF-2717	1274	502305764
scaffold_group057	ScTjWWh_1706-HRSCAF-2718	1942	502307706
scaffold_group057	ScTjWWh_1707-HRSCAF-2719	1097	502308803
scaffold_group057	ScTjWWh_1708-HRSCAF-2720	2409	502311212
scaffold_group057	ScTjWWh_1709-HRSCAF-2721	1253	502312465
scaffold_group057	ScTjWWh_1710-HRSCAF-2723	1990	502314455
scaffold_group057	ScTjWWh_1711-HRSCAF-2726	2391	502316846
scaffold_group057	ScTjWWh_1712-HRSCAF-2727	1131	502317977
scaffold_group057	ScTjWWh_1713-HRSCAF-2728	1629	502319606
scaffold_group057	ScTjWWh_1714-HRSCAF-2729	4091	502323697
scaffold_group057	ScTjWWh_1715-HRSCAF-2730	1153	502324850
scaffold_group057	ScTjWWh_1716-HRSCAF-2732	1192	502326042
scaffold_group057	ScTjWWh_1717-HRSCAF-2733	1123	502327165
scaffold_group057	ScTjWWh_1718-HRSCAF-2735	2808	502329973
scaffold_group057	ScTjWWh_1719-HRSCAF-2736	1435	502331408
scaffold_group057	ScTjWWh_1720-HRSCAF-2738	1024	502332432
scaffold_group057	ScTjWWh_1721-HRSCAF-2739	6544	502338976
scaffold_group057	ScTjWWh_1722-HRSCAF-2740	1427	502340403
scaffold_group057	ScTjWWh_1723-HRSCAF-2743	1077	502341480
scaffold_group058	ScTjWWh_1724-HRSCAF-2744	231524	502573004
scaffold_group058	ScTjWWh_1725-HRSCAF-2745	1384	502574388
scaffold_group058	ScTjWWh_1726-HRSCAF-2746	3856	502578244
scaffold_group058	ScTjWWh_1727-HRSCAF-2749	1189	502579433
scaffold_group058	ScTjWWh_1728-HRSCAF-2750	1154	502580587
scaffold_group058	ScTjWWh_1729-HRSCAF-2751	1902	502582489
scaffold_group058	ScTjWWh_1730-HRSCAF-2755	1908	502584397
scaffold_group058	ScTjWWh_1731-HRSCAF-2756	1846	502586243
scaffold_group058	ScTjWWh_1732-HRSCAF-2757	1749	502587992
scaffold_group058	ScTjWWh_1733-HRSCAF-2759	2348	502590340
scaffold_group058	ScTjWWh_1734-HRSCAF-2760	1090	502591430
scaffold_group058	ScTjWWh_1735-HRSCAF-2762	4986	502596416
scaffold_group058	ScTjWWh_1736-HRSCAF-2765	2155	502598571
scaffold_group058	ScTjWWh_1737-HRSCAF-2767	1773	502600344
scaffold_group058	ScTjWWh_1738-HRSCAF-2768	1236	502601580
scaffold_group058	ScTjWWh_1739-HRSCAF-2769	1019	502602599
scaffold_group058	ScTjWWh_1740-HRSCAF-2770	1771	502604370
scaffold_group058	ScTjWWh_1741-HRSCAF-2771	1154	502605524
scaffold_group058	ScTjWWh_1742-HRSCAF-2773	1607	502607131
scaffold_group058	ScTjWWh_1743-HRSCAF-2778	3166	502610297
scaffold_group058	ScTjWWh_1744-HRSCAF-2781	1370	502611667
scaffold_group058	ScTjWWh_1745-HRSCAF-2783	1381	502613048
scaffold_group058	ScTjWWh_1746-HRSCAF-2784	1216	502614264
scaffold_group058	ScTjWWh_1747-HRSCAF-2785	2591	502616855
scaffold_group058	ScTjWWh_1748-HRSCAF-2788	1020	502617875
scaffold_group058	ScTjWWh_1749-HRSCAF-2790	1411	502619286
scaffold_group058	ScTjWWh_1750-HRSCAF-2791	1963	502621249
scaffold_group058	ScTjWWh_1751-HRSCAF-2792	2180	502623429
scaffold_group058	ScTjWWh_1752-HRSCAF-2793	1807	502625236
scaffold_group058	ScTjWWh_1753-HRSCAF-2794	4029	502629265
scaffold_group059	ScTjWWh_1754-HRSCAF-2796	2298	502631563
scaffold_group059	ScTjWWh_1755-HRSCAF-2797	1556	502633119
scaffold_group059	ScTjWWh_1756-HRSCAF-2798	4261	502637380
scaffold_group059	ScTjWWh_1757-HRSCAF-2799	2679	502640059
scaffold_group059	ScTjWWh_1758-HRSCAF-2801	2216	502642275
scaffold_group059	ScTjWWh_1759-HRSCAF-2802	3399	502645674
scaffold_group059	ScTjWWh_1760-HRSCAF-2803	2197	502647871
scaffold_group059	ScTjWWh_1761-HRSCAF-2804	2060	502649931
scaffold_group059	ScTjWWh_1762-HRSCAF-2805	2451	502652382
scaffold_group059	ScTjWWh_1763-HRSCAF-2806	1090	502653472
scaffold_group059	ScTjWWh_1764-HRSCAF-2808	1021	502654493
scaffold_group059	ScTjWWh_1765-HRSCAF-2809	1987	502656480
scaffold_group059	ScTjWWh_1766-HRSCAF-2810	1057	502657537
scaffold_group059	ScTjWWh_1767-HRSCAF-2811	1946	502659483
scaffold_group059	ScTjWWh_1768-HRSCAF-2813	2323	502661806
scaffold_group059	ScTjWWh_1769-HRSCAF-2816	1889	502663695
scaffold_group059	ScTjWWh_1770-HRSCAF-2818	2414	502666109
scaffold_group059	ScTjWWh_1771-HRSCAF-2821	1978	502668087
scaffold_group059	ScTjWWh_1772-HRSCAF-2822	2726	502670813
scaffold_group059	ScTjWWh_1773-HRSCAF-2825	1054	502671867
scaffold_group059	ScTjWWh_1774-HRSCAF-2826	2004	502673871
scaffold_group059	ScTjWWh_1775-HRSCAF-2828	1102	502674973
scaffold_group059	ScTjWWh_1776-HRSCAF-2829	1090	502676063
scaffold_group059	ScTjWWh_1777-HRSCAF-2830	2097	502678160
scaffold_group059	ScTjWWh_1778-HRSCAF-2831	1470	502679630
scaffold_group059	ScTjWWh_1779-HRSCAF-2832	1102	502680732
scaffold_group059	ScTjWWh_1780-HRSCAF-2833	4680	502685412
scaffold_group059	ScTjWWh_1781-HRSCAF-2834	1338	502686750
scaffold_group059	ScTjWWh_1782-HRSCAF-2837	1192	502687942
scaffold_group059	ScTjWWh_1783-HRSCAF-2840	1225	502689167
scaffold_group060	ScTjWWh_1784-HRSCAF-2841	1806	502690973
scaffold_group060	ScTjWWh_1785-HRSCAF-2843	2254	502693227
scaffold_group060	ScTjWWh_1786-HRSCAF-2844	3530	502696757
scaffold_group060	ScTjWWh_1787-HRSCAF-2846	1715	502698472
scaffold_group060	ScTjWWh_1788-HRSCAF-2849	1144	502699616
scaffold_group060	ScTjWWh_1789-HRSCAF-2851	1000	502700616
scaffold_group060	ScTjWWh_1790-HRSCAF-2852	1460	502702076
scaffold_group060	ScTjWWh_1791-HRSCAF-2853	1156	502703232
scaffold_group060	ScTjWWh_1792-HRSCAF-2856	4422	502707654
scaffold_group060	ScTjWWh_1793-HRSCAF-2860	3824	502711478
scaffold_group060	ScTjWWh_1794-HRSCAF-2861	1568	502713046
scaffold_group060	ScTjWWh_1796-HRSCAF-2866	5437	541206932
scaffold_group060	ScTjWWh_1797-HRSCAF-2867	2215	541209147
scaffold_group060	ScTjWWh_1798-HRSCAF-2870	1396	541210543
scaffold_group060	ScTjWWh_1799-HRSCAF-2872	2695	541213238
scaffold_group060	ScTjWWh_1800-HRSCAF-2873	3369	541216607
scaffold_group060	ScTjWWh_1801-HRSCAF-2874	1334	541217941
scaffold_group060	ScTjWWh_1802-HRSCAF-2875	1567	541219508
scaffold_group060	ScTjWWh_1803-HRSCAF-2877	1735	541221243
scaffold_group060	ScTjWWh_1804-HRSCAF-2878	1463	541222706
scaffold_group060	ScTjWWh_1805-HRSCAF-2880	4807	541227513
scaffold_group060	ScTjWWh_1806-HRSCAF-2883	2542	541230055
scaffold_group060	ScTjWWh_1807-HRSCAF-2884	1669	541231724
scaffold_group060	ScTjWWh_1808-HRSCAF-2888	1383	541233107
scaffold_group060	ScTjWWh_1809-HRSCAF-2890	1999	541235106
scaffold_group060	ScTjWWh_1810-HRSCAF-2891	1294	541236400
scaffold_group060	ScTjWWh_1811-HRSCAF-2892	1533	541237933
scaffold_group060	ScTjWWh_1812-HRSCAF-2893	5682	541243615
scaffold_group060	ScTjWWh_1813-HRSCAF-2895	1005	541244620
scaffold_group060	ScTjWWh_1814-HRSCAF-2898	2671	541247291
scaffold_group061	ScTjWWh_1815-HRSCAF-2899	1222	541248513
scaffold_group061	ScTjWWh_1816-HRSCAF-2900	1738	541250251
scaffold_group061	ScTjWWh_1817-HRSCAF-2901	1618	541251869
scaffold_group061	ScTjWWh_1818-HRSCAF-2902	1787	541253656
scaffold_group061	ScTjWWh_1819-HRSCAF-2903	1196	541254852
scaffold_group061	ScTjWWh_1820-HRSCAF-2904	2744	541257596
scaffold_group061	ScTjWWh_1821-HRSCAF-2906	1227	541258823
scaffold_group061	ScTjWWh_1822-HRSCAF-2907	1339	541260162
scaffold_group061	ScTjWWh_1823-HRSCAF-2908	1146	541261308
scaffold_group061	ScTjWWh_1824-HRSCAF-2910	1217	541262525
scaffold_group061	ScTjWWh_1825-HRSCAF-2911	1661	541264186
scaffold_group061	ScTjWWh_1826-HRSCAF-2912	5498	541269684
scaffold_group061	ScTjWWh_1827-HRSCAF-2913	1019	541270703
scaffold_group061	ScTjWWh_1828-HRSCAF-2915	1536	541272239
scaffold_group061	ScTjWWh_1829-HRSCAF-2916	1098	541273337
scaffold_group061	ScTjWWh_1830-HRSCAF-2917	1186	541274523
scaffold_group061	ScTjWWh_1831-HRSCAF-2919	1553	541276076
scaffold_group061	ScTjWWh_1832-HRSCAF-2920	9562	541285638
scaffold_group061	ScTjWWh_1833-HRSCAF-2921	2200	541287838
scaffold_group061	ScTjWWh_1834-HRSCAF-2925	3624	541291462
scaffold_group061	ScTjWWh_1835-HRSCAF-2928	1965	541293427
scaffold_group061	ScTjWWh_1836-HRSCAF-2930	1919	541295346
scaffold_group061	ScTjWWh_1837-HRSCAF-2931	2760	541298106
scaffold_group061	ScTjWWh_1838-HRSCAF-2933	1217	541299323
scaffold_group061	ScTjWWh_1839-HRSCAF-2938	1533	541300856
scaffold_group061	ScTjWWh_1840-HRSCAF-2939	1293	541302149
scaffold_group061	ScTjWWh_1841-HRSCAF-2940	1536	541303685
scaffold_group061	ScTjWWh_1842-HRSCAF-2941	1858	541305543
scaffold_group061	ScTjWWh_1843-HRSCAF-2943	2069	541307612
scaffold_group061	ScTjWWh_1844-HRSCAF-2944	1916	541309528
scaffold_group062	ScTjWWh_1845-HRSCAF-2945	2599	541312127
scaffold_group062	ScTjWWh_1846-HRSCAF-2947	1245	541313372
scaffold_group062	ScTjWWh_1847-HRSCAF-2948	1151	541314523
scaffold_group062	ScTjWWh_1848-HRSCAF-2949	2700	541317223
scaffold_group062	ScTjWWh_1849-HRSCAF-2950	2310	541319533
scaffold_group062	ScTjWWh_1850-HRSCAF-2952	2468	541322001
scaffold_group062	ScTjWWh_1851-HRSCAF-2953	1236	541323237
scaffold_group062	ScTjWWh_1852-HRSCAF-2956	1225	541324462
scaffold_group062	ScTjWWh_1853-HRSCAF-2957	1733	541326195
scaffold_group062	ScTjWWh_1854-HRSCAF-2959	1519	541327714
scaffold_group062	ScTjWWh_1855-HRSCAF-2961	1415	541329129
scaffold_group062	ScTjWWh_1856-HRSCAF-2962	1814	541330943
scaffold_group062	ScTjWWh_1857-HRSCAF-2963	1414	541332357
scaffold_group062	ScTjWWh_1858-HRSCAF-2964	7683	541340040
scaffold_group062	ScTjWWh_1859-HRSCAF-2965	2662	541342702
scaffold_group062	ScTjWWh_1860-HRSCAF-2967	3164	541345866
scaffold_group062	ScTjWWh_1861-HRSCAF-2968	3160	541349026
scaffold_group062	ScTjWWh_1862-HRSCAF-2969	2641	541351667
scaffold_group062	ScTjWWh_1863-HRSCAF-2970	1430	541353097
scaffold_group062	ScTjWWh_1864-HRSCAF-2971	1039	541354136
scaffold_group062	ScTjWWh_1865-HRSCAF-2972	1433	541355569
scaffold_group062	ScTjWWh_1866-HRSCAF-2973	1759	541357328
scaffold_group062	ScTjWWh_1867-HRSCAF-2974	2356	541359684
scaffold_group062	ScTjWWh_1868-HRSCAF-2975	1917	541361601
scaffold_group062	ScTjWWh_1869-HRSCAF-2977	6021	541367622
scaffold_group062	ScTjWWh_1870-HRSCAF-2978	1500	541369122
scaffold_group062	ScTjWWh_1871-HRSCAF-2980	1539	541370661
scaffold_group062	ScTjWWh_1872-HRSCAF-2982	1298	541371959
scaffold_group062	ScTjWWh_1873-HRSCAF-2983	1684	541373643
scaffold_group062	ScTjWWh_1874-HRSCAF-2986	4801	541378444
scaffold_group063	ScTjWWh_1875-HRSCAF-2987	4783	541383227
scaffold_group063	ScTjWWh_1876-HRSCAF-2988	3897	541387124
scaffold_group063	ScTjWWh_1877-HRSCAF-2989	1139	541388263
scaffold_group063	ScTjWWh_1878-HRSCAF-2990	1054	541389317
scaffold_group063	ScTjWWh_1879-HRSCAF-2995	3531	541392848
scaffold_group063	ScTjWWh_1880-HRSCAF-2996	3724	541396572
scaffold_group063	ScTjWWh_1881-HRSCAF-2997	1578	541398150
scaffold_group063	ScTjWWh_1882-HRSCAF-2999	1235	541399385
scaffold_group063	ScTjWWh_1883-HRSCAF-3000	1307	541400692
scaffold_group063	ScTjWWh_1884-HRSCAF-3001	1494	541402186
scaffold_group063	ScTjWWh_1885-HRSCAF-3002	1216	541403402
scaffold_group063	ScTjWWh_1886-HRSCAF-3005	1015	541404417
scaffold_group063	ScTjWWh_1887-HRSCAF-3007	1279	541405696
scaffold_group063	ScTjWWh_1888-HRSCAF-3008	2091	541407787
scaffold_group063	ScTjWWh_1889-HRSCAF-3009	1418	541409205
scaffold_group063	ScTjWWh_1890-HRSCAF-3010	1520	541410725
scaffold_group063	ScTjWWh_1891-HRSCAF-3011	1301	541412026
scaffold_group063	ScTjWWh_1892-HRSCAF-3012	1782	541413808
scaffold_group063	ScTjWWh_1893-HRSCAF-3013	2351	541416159
scaffold_group063	ScTjWWh_1894-HRSCAF-3014	1889	541418048
scaffold_group063	ScTjWWh_1895-HRSCAF-3015	1921	541419969
scaffold_group063	ScTjWWh_1896-HRSCAF-3016	2805	541422774
scaffold_group063	ScTjWWh_1897-HRSCAF-3017	1474	541424248
scaffold_group063	ScTjWWh_1898-HRSCAF-3018	3393	541427641
scaffold_group063	ScTjWWh_1899-HRSCAF-3019	1057	541428698
scaffold_group063	ScTjWWh_1900-HRSCAF-3020	1730	541430428
scaffold_group063	ScTjWWh_1901-HRSCAF-3022	2212	541432640
scaffold_group063	ScTjWWh_1902-HRSCAF-3026	1559	541434199
scaffold_group063	ScTjWWh_1903-HRSCAF-3027	1476	541435675
scaffold_group063	ScTjWWh_1904-HRSCAF-3028	2450	541438125
scaffold_group064	ScTjWWh_1905-HRSCAF-3029	1526	541439651
scaffold_group064	ScTjWWh_1906-HRSCAF-3030	1015	541440666
scaffold_group064	ScTjWWh_1907-HRSCAF-3031	1102	541441768
scaffold_group064	ScTjWWh_1908-HRSCAF-3032	1748	541443516
scaffold_group064	ScTjWWh_1909-HRSCAF-3034	1628	541445144
scaffold_group064	ScTjWWh_1910-HRSCAF-3037	1123	541446267
scaffold_group064	ScTjWWh_1911-HRSCAF-3038	1750	541448017
scaffold_group064	ScTjWWh_1912-HRSCAF-3039	1150	541449167
scaffold_group064	ScTjWWh_1913-HRSCAF-3041	4025	541453192
scaffold_group064	ScTjWWh_1914-HRSCAF-3043	2643	541455835
scaffold_group064	ScTjWWh_1915-HRSCAF-3044	1088	541456923
scaffold_group064	ScTjWWh_1916-HRSCAF-3045	2386	541459309
scaffold_group064	ScTjWWh_1917-HRSCAF-3046	3170	541462479
scaffold_group064	ScTjWWh_1918-HRSCAF-3048	3395	541465874
scaffold_group064	ScTjWWh_1919-HRSCAF-3052	1306	541467180
scaffold_group064	ScTjWWh_1920-HRSCAF-3053	1214	541468394
scaffold_group064	ScTjWWh_1921-HRSCAF-3055	3073	541471467
scaffold_group064	ScTjWWh_1922-HRSCAF-3059	2086	541473553
scaffold_group064	ScTjWWh_1923-HRSCAF-3062	1126	541474679
scaffold_group064	ScTjWWh_1924-HRSCAF-3064	4842	541479521
scaffold_group064	ScTjWWh_1925-HRSCAF-3065	2261	541481782
scaffold_group064	ScTjWWh_1926-HRSCAF-3068	1504	541483286
scaffold_group064	ScTjWWh_1927-HRSCAF-3069	3441	541486727
scaffold_group064	ScTjWWh_1928-HRSCAF-3071	1163	541487890
scaffold_group064	ScTjWWh_1929-HRSCAF-3072	2980	541490870
scaffold_group064	ScTjWWh_1930-HRSCAF-3074	2132	541493002
scaffold_group064	ScTjWWh_1931-HRSCAF-3075	1498	541494500
scaffold_group064	ScTjWWh_1932-HRSCAF-3078	1289	541495789
scaffold_group064	ScTjWWh_1933-HRSCAF-3079	1842	541497631
scaffold_group064	ScTjWWh_1934-HRSCAF-3080	2443	541500074
scaffold_group065	ScTjWWh_1935-HRSCAF-3082	3031	541503105
scaffold_group065	ScTjWWh_1936-HRSCAF-3083	2670	541505775
scaffold_group065	ScTjWWh_1937-HRSCAF-3084	1738	541507513
scaffold_group065	ScTjWWh_1938-HRSCAF-3086	1682	541509195
scaffold_group065	ScTjWWh_1939-HRSCAF-3088	1520	541510715
scaffold_group065	ScTjWWh_1940-HRSCAF-3090	1700	541512415
scaffold_group065	ScTjWWh_1941-HRSCAF-3091	2811	541515226
scaffold_group065	ScTjWWh_1942-HRSCAF-3092	1564	541516790
scaffold_group065	ScTjWWh_1943-HRSCAF-3095	1468	541518258
scaffold_group065	ScTjWWh_1944-HRSCAF-3096	2270	541520528
scaffold_group065	ScTjWWh_1945-HRSCAF-3097	1305	541521833
scaffold_group065	ScTjWWh_1946-HRSCAF-3098	4811	541526644
scaffold_group065	ScTjWWh_1947-HRSCAF-3099	1482	541528126
scaffold_group065	ScTjWWh_1948-HRSCAF-3100	1244	541529370
scaffold_group065	ScTjWWh_1949-HRSCAF-3102	1618	541530988
scaffold_group065	ScTjWWh_1950-HRSCAF-3104	3158	541534146
scaffold_group065	ScTjWWh_1951-HRSCAF-3105	1559	541535705
scaffold_group065	ScTjWWh_1952-HRSCAF-3106	1212	541536917
scaffold_group065	ScTjWWh_1953-HRSCAF-3107	1514	541538431
scaffold_group065	ScTjWWh_1954-HRSCAF-3108	3981	541542412
scaffold_group065	ScTjWWh_1955-HRSCAF-3109	4241	541546653
scaffold_group065	ScTjWWh_1956-HRSCAF-3110	1032	541547685
scaffold_group065	ScTjWWh_1957-HRSCAF-3111	1651	541549336
scaffold_group065	ScTjWWh_1958-HRSCAF-3112	1368	541550704
scaffold_group065	ScTjWWh_1959-HRSCAF-3114	2552	541553256
scaffold_group065	ScTjWWh_1960-HRSCAF-3115	1389	541554645
scaffold_group065	ScTjWWh_1961-HRSCAF-3116	3844	541558489
scaffold_group065	ScTjWWh_1962-HRSCAF-3117	1542	541560031
scaffold_group065	ScTjWWh_1963-HRSCAF-3118	3485	541563516
scaffold_group065	ScTjWWh_1965-HRSCAF-3120	1328	572782088
scaffold_group066	ScTjWWh_1966-HRSCAF-3121	1149	572783237
scaffold_group066	ScTjWWh_1967-HRSCAF-3122	5452	572788689
scaffold_group066	ScTjWWh_1968-HRSCAF-3123	1534	572790223
scaffold_group066	ScTjWWh_1969-HRSCAF-3124	1464	572791687
scaffold_group066	ScTjWWh_1970-HRSCAF-3125	1586	572793273
scaffold_group066	ScTjWWh_1971-HRSCAF-3126	1797	572795070
scaffold_group066	ScTjWWh_1972-HRSCAF-3127	1276	572796346
scaffold_group066	ScTjWWh_1973-HRSCAF-3128	1678	572798024
scaffold_group066	ScTjWWh_1974-HRSCAF-3130	1329	572799353
scaffold_group066	ScTjWWh_1975-HRSCAF-3131	3105	572802458
scaffold_group066	ScTjWWh_1976-HRSCAF-3132	2423	572804881
scaffold_group066	ScTjWWh_1977-HRSCAF-3134	3769	572808650
scaffold_group066	ScTjWWh_1978-HRSCAF-3135	1883	572810533
scaffold_group066	ScTjWWh_1979-HRSCAF-3139	5394	572815927
scaffold_group066	ScTjWWh_1980-HRSCAF-3141	1809	572817736
scaffold_group066	ScTjWWh_1981-HRSCAF-3143	1295	572819031
scaffold_group066	ScTjWWh_1982-HRSCAF-3144	1604	572820635
scaffold_group066	ScTjWWh_1983-HRSCAF-3145	1918	572822553
scaffold_group066	ScTjWWh_1984-HRSCAF-3146	1288	572823841
scaffold_group066	ScTjWWh_1985-HRSCAF-3147	2110	572825951
scaffold_group066	ScTjWWh_1986-HRSCAF-3150	1393	572827344
scaffold_group066	ScTjWWh_1987-HRSCAF-3151	2756	572830100
scaffold_group066	ScTjWWh_1988-HRSCAF-3152	1096	572831196
scaffold_group066	ScTjWWh_1989-HRSCAF-3153	1802	572832998
scaffold_group066	ScTjWWh_1990-HRSCAF-3154	2059	572835057
scaffold_group066	ScTjWWh_1991-HRSCAF-3155	2321	572837378
scaffold_group066	ScTjWWh_1992-HRSCAF-3156	1257	572838635
scaffold_group066	ScTjWWh_1993-HRSCAF-3157	1060	572839695
scaffold_group066	ScTjWWh_1994-HRSCAF-3158	2129	572841824
scaffold_group066	ScTjWWh_1995-HRSCAF-3159	2613	572844437
scaffold_group067	ScTjWWh_1996-HRSCAF-3161	1200	572845637
scaffold_group067	ScTjWWh_1997-HRSCAF-3162	3428	572849065
scaffold_group067	ScTjWWh_1998-HRSCAF-3163	2064	572851129
scaffold_group067	ScTjWWh_1999-HRSCAF-3164	2754	572853883
scaffold_group067	ScTjWWh_2000-HRSCAF-3167	2424	572856307
scaffold_group067	ScTjWWh_2001-HRSCAF-3169	2228	572858535
scaffold_group067	ScTjWWh_2002-HRSCAF-3170	5093	572863628
scaffold_group067	ScTjWWh_2003-HRSCAF-3172	1132	572864760
scaffold_group067	ScTjWWh_2004-HRSCAF-3173	3229	572867989
scaffold_group067	ScTjWWh_2005-HRSCAF-3174	1481	572869470
scaffold_group067	ScTjWWh_2006-HRSCAF-3175	1246	572870716
scaffold_group067	ScTjWWh_2007-HRSCAF-3176	1076	572871792
scaffold_group067	ScTjWWh_2008-HRSCAF-3177	1787	572873579
scaffold_group067	ScTjWWh_2009-HRSCAF-3178	2624	572876203
scaffold_group067	ScTjWWh_2010-HRSCAF-3179	2566	572878769
scaffold_group067	ScTjWWh_2011-HRSCAF-3180	1726	572880495
scaffold_group067	ScTjWWh_2012-HRSCAF-3181	2158	572882653
scaffold_group067	ScTjWWh_2013-HRSCAF-3182	1141	572883794
scaffold_group067	ScTjWWh_2014-HRSCAF-3183	1135	572884929
scaffold_group067	ScTjWWh_2015-HRSCAF-3185	1133	572886062
scaffold_group067	ScTjWWh_2016-HRSCAF-3186	5247	572891309
scaffold_group067	ScTjWWh_2017-HRSCAF-3188	1325	572892634
scaffold_group067	ScTjWWh_2018-HRSCAF-3189	2376	572895010
scaffold_group067	ScTjWWh_2019-HRSCAF-3191	1388	572896398
scaffold_group067	ScTjWWh_2020-HRSCAF-3192	5195	572901593
scaffold_group067	ScTjWWh_2021-HRSCAF-3193	1325	572902918
scaffold_group067	ScTjWWh_2022-HRSCAF-3195	1185	572904103
scaffold_group067	ScTjWWh_2023-HRSCAF-3196	1494	572905597
scaffold_group067	ScTjWWh_2024-HRSCAF-3197	3994	572909591
scaffold_group067	ScTjWWh_2025-HRSCAF-3198	1066	572910657
scaffold_group068	ScTjWWh_2026-HRSCAF-3200	1165	572911822
scaffold_group068	ScTjWWh_2027-HRSCAF-3201	1348	572913170
scaffold_group068	ScTjWWh_2028-HRSCAF-3202	4235	572917405
scaffold_group068	ScTjWWh_2029-HRSCAF-3204	1674	572919079
scaffold_group068	ScTjWWh_2030-HRSCAF-3206	1716	572920795
scaffold_group068	ScTjWWh_2031-HRSCAF-3208	1375	572922170
scaffold_group068	ScTjWWh_2032-HRSCAF-3210	1269	572923439
scaffold_group068	ScTjWWh_2033-HRSCAF-3211	1324	572924763
scaffold_group068	ScTjWWh_2034-HRSCAF-3212	2435	572927198
scaffold_group068	ScTjWWh_2035-HRSCAF-3213	2610	572929808
scaffold_group068	ScTjWWh_2036-HRSCAF-3215	3275	572933083
scaffold_group068	ScTjWWh_2037-HRSCAF-3216	2821	572935904
scaffold_group068	ScTjWWh_2038-HRSCAF-3219	1816	572937720
scaffold_group068	ScTjWWh_2039-HRSCAF-3221	1450	572939170
scaffold_group068	ScTjWWh_2040-HRSCAF-3222	3309	572942479
scaffold_group068	ScTjWWh_2041-HRSCAF-3223	3128	572945607
scaffold_group068	ScTjWWh_2042-HRSCAF-3224	2672	572948279
scaffold_group068	ScTjWWh_2043-HRSCAF-3230	3138	572951417
scaffold_group068	ScTjWWh_2044-HRSCAF-3232	1142	572952559
scaffold_group068	ScTjWWh_2045-HRSCAF-3233	2151	572954710
scaffold_group068	ScTjWWh_2046-HRSCAF-3234	4321	572959031
scaffold_group068	ScTjWWh_2047-HRSCAF-3235	1329	572960360
scaffold_group068	ScTjWWh_2048-HRSCAF-3237	1111	572961471
scaffold_group068	ScTjWWh_2049-HRSCAF-3238	1133	572962604
scaffold_group068	ScTjWWh_2050-HRSCAF-3240	2006	572964610
scaffold_group068	ScTjWWh_2051-HRSCAF-3241	2310	572966920
scaffold_group068	ScTjWWh_2052-HRSCAF-3242	1088	572968008
scaffold_group068	ScTjWWh_2053-HRSCAF-3244	3154	572971162
scaffold_group068	ScTjWWh_2054-HRSCAF-3245	1414	572972576
scaffold_group068	ScTjWWh_2055-HRSCAF-3247	1178	572973754
scaffold_group069	ScTjWWh_2056-HRSCAF-3248	2684	572976438
scaffold_group069	ScTjWWh_2057-HRSCAF-3250	1960	572978398
scaffold_group069	ScTjWWh_2058-HRSCAF-3251	1404	572979802
scaffold_group069	ScTjWWh_2059-HRSCAF-3253	2277	572982079
scaffold_group069	ScTjWWh_2060-HRSCAF-3256	1829	572983908
scaffold_group069	ScTjWWh_2061-HRSCAF-3258	1934	572985842
scaffold_group069	ScTjWWh_2062-HRSCAF-3259	1944	572987786
scaffold_group069	ScTjWWh_2063-HRSCAF-3260	1502	572989288
scaffold_group069	ScTjWWh_2064-HRSCAF-3261	1051	572990339
scaffold_group069	ScTjWWh_2065-HRSCAF-3262	1202	572991541
scaffold_group069	ScTjWWh_2066-HRSCAF-3264	1520	572993061
scaffold_group069	ScTjWWh_2067-HRSCAF-3265	1017	572994078
scaffold_group069	ScTjWWh_2068-HRSCAF-3266	2196	572996274
scaffold_group069	ScTjWWh_2069-HRSCAF-3267	1457	572997731
scaffold_group069	ScTjWWh_2070-HRSCAF-3268	1631	572999362
scaffold_group069	ScTjWWh_2071-HRSCAF-3269	1199	573000561
scaffold_group069	ScTjWWh_2072-HRSCAF-3270	1472	573002033
scaffold_group069	ScTjWWh_2073-HRSCAF-3271	3246	573005279
scaffold_group069	ScTjWWh_2074-HRSCAF-3274	1961	573007240
scaffold_group069	ScTjWWh_2075-HRSCAF-3275	1458	573008698
scaffold_group069	ScTjWWh_2076-HRSCAF-3276	1073	573009771
scaffold_group069	ScTjWWh_2077-HRSCAF-3278	1163	573010934
scaffold_group069	ScTjWWh_2078-HRSCAF-3279	1201	573012135
scaffold_group069	ScTjWWh_2079-HRSCAF-3280	1150	573013285
scaffold_group069	ScTjWWh_2080-HRSCAF-3281	1853	573015138
scaffold_group069	ScTjWWh_2081-HRSCAF-3282	3357	573018495
scaffold_group069	ScTjWWh_2082-HRSCAF-3283	1093	573019588
scaffold_group069	ScTjWWh_2083-HRSCAF-3286	2908	573022496
scaffold_group069	ScTjWWh_2084-HRSCAF-3287	7446	573029942
scaffold_group069	ScTjWWh_2085-HRSCAF-3288	1493	573031435
scaffold_group070	ScTjWWh_2086-HRSCAF-3290	3122	573034557
scaffold_group070	ScTjWWh_2087-HRSCAF-3291	1437	573035994
scaffold_group070	ScTjWWh_2088-HRSCAF-3292	1204	573037198
scaffold_group070	ScTjWWh_2089-HRSCAF-3293	1181	573038379
scaffold_group070	ScTjWWh_2090-HRSCAF-3294	2494	573040873
scaffold_group070	ScTjWWh_2091-HRSCAF-3296	1374	573042247
scaffold_group070	ScTjWWh_2092-HRSCAF-3297	8257	573050504
scaffold_group070	ScTjWWh_2093-HRSCAF-3300	2178	573052682
scaffold_group070	ScTjWWh_2094-HRSCAF-3305	1380	573054062
scaffold_group070	ScTjWWh_2095-HRSCAF-3307	1391	573055453
scaffold_group070	ScTjWWh_2096-HRSCAF-3308	1733	573057186
scaffold_group070	ScTjWWh_2097-HRSCAF-3310	1279	573058465
scaffold_group070	ScTjWWh_2098-HRSCAF-3312	1269	573059734
scaffold_group070	ScTjWWh_2099-HRSCAF-3313	1066	573060800
scaffold_group070	ScTjWWh_2100-HRSCAF-3314	1072	573061872
scaffold_group070	ScTjWWh_2101-HRSCAF-3317	1103	573062975
scaffold_group070	ScTjWWh_2102-HRSCAF-3319	1953	573064928
scaffold_group070	ScTjWWh_2103-HRSCAF-3320	2751	573067679
scaffold_group070	ScTjWWh_2104-HRSCAF-3323	1335	573069014
scaffold_group070	ScTjWWh_2105-HRSCAF-3324	2111	573071125
scaffold_group070	ScTjWWh_2106-HRSCAF-3326	1620	573072745
scaffold_group070	ScTjWWh_2107-HRSCAF-3327	1154	573073899
scaffold_group070	ScTjWWh_2108-HRSCAF-3329	2138	573076037
scaffold_group070	ScTjWWh_2109-HRSCAF-3331	1016	573077053
scaffold_group070	ScTjWWh_2110-HRSCAF-3334	1100	573078153
scaffold_group070	ScTjWWh_2111-HRSCAF-3336	1533	573079686
scaffold_group070	ScTjWWh_2112-HRSCAF-3339	1576	573081262
scaffold_group070	ScTjWWh_2113-HRSCAF-3340	2734	573083996
scaffold_group070	ScTjWWh_2114-HRSCAF-3341	1701	573085697
scaffold_group070	ScTjWWh_2115-HRSCAF-3342	3873	573089570
scaffold_group071	ScTjWWh_2116-HRSCAF-3344	4481	573094051
scaffold_group071	ScTjWWh_2117-HRSCAF-3345	1176	573095227
scaffold_group071	ScTjWWh_2118-HRSCAF-3346	1457	573096684
scaffold_group071	ScTjWWh_2119-HRSCAF-3347	2895	573099579
scaffold_group071	ScTjWWh_2120-HRSCAF-3349	1058	573100637
scaffold_group071	ScTjWWh_2121-HRSCAF-3350	1143	573101780
scaffold_group071	ScTjWWh_2122-HRSCAF-3351	2138	573103918
scaffold_group071	ScTjWWh_2123-HRSCAF-3352	2468	573106386
scaffold_group071	ScTjWWh_2124-HRSCAF-3354	1852	573108238
scaffold_group071	ScTjWWh_2125-HRSCAF-3357	2073	573110311
scaffold_group071	ScTjWWh_2126-HRSCAF-3358	2403	573112714
scaffold_group071	ScTjWWh_2127-HRSCAF-3359	1072	573113786
scaffold_group071	ScTjWWh_2128-HRSCAF-3360	1241	573115027
scaffold_group071	ScTjWWh_2129-HRSCAF-3365	2025	573117052
scaffold_group071	ScTjWWh_2130-HRSCAF-3367	1466	573118518
scaffold_group071	ScTjWWh_2131-HRSCAF-3368	1091	573119609
scaffold_group071	ScTjWWh_2132-HRSCAF-3369	1156	573120765
scaffold_group071	ScTjWWh_2133-HRSCAF-3370	1263	573122028
scaffold_group071	ScTjWWh_2134-HRSCAF-3372	1297	573123325
scaffold_group071	ScTjWWh_2135-HRSCAF-3373	1325	573124650
scaffold_group071	ScTjWWh_2136-HRSCAF-3374	1708	573126358
scaffold_group071	ScTjWWh_2137-HRSCAF-3378	1494	573127852
scaffold_group071	ScTjWWh_2138-HRSCAF-3379	2077	573129929
scaffold_group071	ScTjWWh_2139-HRSCAF-3384	2219	573132148
scaffold_group071	ScTjWWh_2140-HRSCAF-3386	1105	573133253
scaffold_group071	ScTjWWh_2141-HRSCAF-3388	1006	573134259
scaffold_group071	ScTjWWh_2142-HRSCAF-3389	1160	573135419
scaffold_group071	ScTjWWh_2143-HRSCAF-3390	1790	573137209
scaffold_group071	ScTjWWh_2144-HRSCAF-3391	1903	573139112
scaffold_group071	ScTjWWh_2145-HRSCAF-3392	1333	573140445
scaffold_group072	ScTjWWh_2146-HRSCAF-3393	1410	573141855
scaffold_group072	ScTjWWh_2147-HRSCAF-3394	1445	573143300
scaffold_group072	ScTjWWh_2148-HRSCAF-3401	1667	573144967
scaffold_group072	ScTjWWh_2149-HRSCAF-3402	3287	573148254
scaffold_group072	ScTjWWh_2150-HRSCAF-3405	1410	573149664
scaffold_group072	ScTjWWh_2151-HRSCAF-3407	3722	573153386
scaffold_group072	ScTjWWh_2152-HRSCAF-3409	1141	573154527
scaffold_group072	ScTjWWh_2153-HRSCAF-3411	2854	573157381
scaffold_group072	ScTjWWh_2154-HRSCAF-3412	1826	573159207
scaffold_group072	ScTjWWh_2155-HRSCAF-3414	1328	573160535
scaffold_group072	ScTjWWh_2156-HRSCAF-3416	1322	573161857
scaffold_group072	ScTjWWh_2157-HRSCAF-3417	2070	573163927
scaffold_group072	ScTjWWh_2158-HRSCAF-3418	2673	573166600
scaffold_group072	ScTjWWh_2159-HRSCAF-3420	1476	573168076
scaffold_group072	ScTjWWh_2160-HRSCAF-3421	1372	573169448
scaffold_group072	ScTjWWh_2161-HRSCAF-3423	1184	573170632
scaffold_group072	ScTjWWh_2162-HRSCAF-3424	1439	573172071
scaffold_group072	ScTjWWh_2163-HRSCAF-3427	1682	573173753
scaffold_group072	ScTjWWh_2164-HRSCAF-3429	1287	573175040
scaffold_group072	ScTjWWh_2165-HRSCAF-3431	3865	573178905
scaffold_group072	ScTjWWh_2166-HRSCAF-3432	1034	573179939
scaffold_group072	ScTjWWh_2167-HRSCAF-3434	1661	573181600
scaffold_group072	ScTjWWh_2168-HRSCAF-3436	1601	573183201
scaffold_group072	ScTjWWh_2169-HRSCAF-3438	2035	573185236
scaffold_group072	ScTjWWh_2170-HRSCAF-3441	2113	573187349
scaffold_group072	ScTjWWh_2171-HRSCAF-3442	2863	573190212
scaffold_group072	ScTjWWh_2172-HRSCAF-3443	1343	573191555
scaffold_group072	ScTjWWh_2173-HRSCAF-3444	1176	573192731
scaffold_group072	ScTjWWh_2174-HRSCAF-3446	1064	573193795
scaffold_group072	ScTjWWh_2175-HRSCAF-3451	1390	573195185
scaffold_group073	ScTjWWh_2176-HRSCAF-3452	1556	573196741
scaffold_group073	ScTjWWh_2177-HRSCAF-3454	111220	573307961
scaffold_group073	ScTjWWh_2178-HRSCAF-3455	1234	573309195
scaffold_group073	ScTjWWh_2179-HRSCAF-3456	1313	573310508
scaffold_group073	ScTjWWh_2180-HRSCAF-3458	1666	573312174
scaffold_group073	ScTjWWh_2181-HRSCAF-3465	1337	573313511
scaffold_group073	ScTjWWh_2182-HRSCAF-3466	1631	573315142
scaffold_group073	ScTjWWh_2183-HRSCAF-3468	1143	573316285
scaffold_group073	ScTjWWh_2184-HRSCAF-3470	1193	573317478
scaffold_group073	ScTjWWh_2185-HRSCAF-3471	3725	573321203
scaffold_group073	ScTjWWh_2186-HRSCAF-3472	1105	573322308
scaffold_group073	ScTjWWh_2187-HRSCAF-3474	4705	573327013
scaffold_group073	ScTjWWh_2188-HRSCAF-3476	12816	573339829
scaffold_group073	ScTjWWh_2189-HRSCAF-3477	5761	573345590
scaffold_group073	ScTjWWh_2190-HRSCAF-3479	2211	573347801
scaffold_group073	ScTjWWh_2191-HRSCAF-3481	2674	573350475
scaffold_group073	ScTjWWh_2192-HRSCAF-3482	9987	573360462
scaffold_group073	ScTjWWh_2193-HRSCAF-3483	1736	573362198
scaffold_group073	ScTjWWh_2194-HRSCAF-3488	1366	573363564
scaffold_group073	ScTjWWh_2195-HRSCAF-3489	1021	573364585
scaffold_group073	ScTjWWh_2196-HRSCAF-3490	2851	573367436
scaffold_group073	ScTjWWh_2197-HRSCAF-3491	1201	573368637
scaffold_group073	ScTjWWh_2198-HRSCAF-3492	2403	573371040
scaffold_group073	ScTjWWh_2199-HRSCAF-3493	1475	573372515
scaffold_group073	ScTjWWh_2200-HRSCAF-3494	1074	573373589
scaffold_group073	ScTjWWh_2201-HRSCAF-3495	1993	573375582
scaffold_group073	ScTjWWh_2202-HRSCAF-3496	1711	573377293
scaffold_group073	ScTjWWh_2203-HRSCAF-3501	1548	573378841
scaffold_group073	ScTjWWh_2204-HRSCAF-3502	1557	573380398
scaffold_group073	ScTjWWh_2205-HRSCAF-3503	3657	573384055
scaffold_group074	ScTjWWh_2206-HRSCAF-3504	2590	573386645
scaffold_group074	ScTjWWh_2207-HRSCAF-3505	1278	573387923
scaffold_group074	ScTjWWh_2208-HRSCAF-3506	2533	573390456
scaffold_group074	ScTjWWh_2209-HRSCAF-3508	3269	573393725
scaffold_group074	ScTjWWh_2210-HRSCAF-3509	2464	573396189
scaffold_group074	ScTjWWh_2211-HRSCAF-3510	1034	573397223
scaffold_group074	ScTjWWh_2212-HRSCAF-3511	2613	573399836
scaffold_group074	ScTjWWh_2213-HRSCAF-3512	1711	573401547
scaffold_group074	ScTjWWh_2214-HRSCAF-3513	1586	573403133
scaffold_group074	ScTjWWh_2215-HRSCAF-3515	1180	573404313
scaffold_group074	ScTjWWh_2216-HRSCAF-3516	1959	573406272
scaffold_group074	ScTjWWh_2217-HRSCAF-3517	2814	573409086
scaffold_group074	ScTjWWh_2218-HRSCAF-3519	2603	573411689
scaffold_group074	ScTjWWh_2219-HRSCAF-3520	1378	573413067
scaffold_group074	ScTjWWh_2220-HRSCAF-3521	1096	573414163
scaffold_group074	ScTjWWh_2221-HRSCAF-3522	1971	573416134
scaffold_group074	ScTjWWh_2222-HRSCAF-3523	1073	573417207
scaffold_group074	ScTjWWh_2223-HRSCAF-3526	2607	573419814
scaffold_group074	ScTjWWh_2224-HRSCAF-3527	1054	573420868
scaffold_group074	ScTjWWh_2225-HRSCAF-3528	1761	573422629
scaffold_group074	ScTjWWh_2226-HRSCAF-3529	1259	573423888
scaffold_group074	ScTjWWh_2227-HRSCAF-3530	1298	573425186
scaffold_group074	ScTjWWh_2228-HRSCAF-3533	2877	573428063
scaffold_group074	ScTjWWh_2229-HRSCAF-3534	1199	573429262
scaffold_group074	ScTjWWh_2230-HRSCAF-3535	1013	573430275
scaffold_group074	ScTjWWh_2231-HRSCAF-3536	1048	573431323
scaffold_group074	ScTjWWh_2232-HRSCAF-3538	1377	573432700
scaffold_group074	ScTjWWh_2233-HRSCAF-3541	2242	573434942
scaffold_group074	ScTjWWh_2234-HRSCAF-3543	1003	573435945
scaffold_group074	ScTjWWh_2235-HRSCAF-3544	4004	573439949
scaffold_group075	ScTjWWh_2236-HRSCAF-3545	4875	573444824
scaffold_group075	ScTjWWh_2237-HRSCAF-3547	2864	573447688
scaffold_group075	ScTjWWh_2238-HRSCAF-3548	1022	573448710
scaffold_group075	ScTjWWh_2239-HRSCAF-3549	1273	573449983
scaffold_group075	ScTjWWh_2240-HRSCAF-3550	3037	573453020
scaffold_group075	ScTjWWh_2241-HRSCAF-3551	1081	573454101
scaffold_group075	ScTjWWh_2242-HRSCAF-3553	1156	573455257
scaffold_group075	ScTjWWh_2243-HRSCAF-3554	1876	573457133
scaffold_group075	ScTjWWh_2244-HRSCAF-3557	1549	573458682
scaffold_group075	ScTjWWh_2245-HRSCAF-3558	1375	573460057
scaffold_group075	ScTjWWh_2246-HRSCAF-3562	1552	573461609
scaffold_group075	ScTjWWh_2247-HRSCAF-3563	3321	573464930
scaffold_group075	ScTjWWh_2248-HRSCAF-3564	1975	573466905
scaffold_group075	ScTjWWh_2249-HRSCAF-3565	1435	573468340
scaffold_group075	ScTjWWh_2250-HRSCAF-3567	1298	573469638
scaffold_group075	ScTjWWh_2251-HRSCAF-3568	1204	573470842
scaffold_group075	ScTjWWh_2252-HRSCAF-3571	1993	573472835
scaffold_group075	ScTjWWh_2253-HRSCAF-3573	1888	573474723
scaffold_group075	ScTjWWh_2254-HRSCAF-3577	1645	573476368
scaffold_group075	ScTjWWh_2255-HRSCAF-3579	1211	573477579
scaffold_group075	ScTjWWh_2256-HRSCAF-3580	1271	573478850
scaffold_group075	ScTjWWh_2257-HRSCAF-3581	1214	573480064
scaffold_group075	ScTjWWh_2258-HRSCAF-3582	1955	573482019
scaffold_group075	ScTjWWh_2259-HRSCAF-3583	2582	573484601
scaffold_group075	ScTjWWh_2260-HRSCAF-3585	1117	573485718
scaffold_group075	ScTjWWh_2261-HRSCAF-3588	1471	573487189
scaffold_group075	ScTjWWh_2262-HRSCAF-3589	5293	573492482
scaffold_group075	ScTjWWh_2263-HRSCAF-3591	1287	573493769
scaffold_group075	ScTjWWh_2264-HRSCAF-3592	3706	573497475
scaffold_group075	ScTjWWh_2265-HRSCAF-3593	2260	573499735
scaffold_group076	ScTjWWh_2266-HRSCAF-3596	1451	573501186
scaffold_group076	ScTjWWh_2267-HRSCAF-3597	2250	573503436
scaffold_group076	ScTjWWh_2268-HRSCAF-3598	1518	573504954
scaffold_group076	ScTjWWh_2269-HRSCAF-3599	1395	573506349
scaffold_group076	ScTjWWh_2270-HRSCAF-3601	1703	573508052
scaffold_group076	ScTjWWh_2271-HRSCAF-3602	2138	573510190
scaffold_group076	ScTjWWh_2272-HRSCAF-3604	1291	573511481
scaffold_group076	ScTjWWh_2273-HRSCAF-3605	1663	573513144
scaffold_group076	ScTjWWh_2274-HRSCAF-3606	1014	573514158
scaffold_group076	ScTjWWh_2275-HRSCAF-3609	1694	573515852
scaffold_group076	ScTjWWh_2276-HRSCAF-3610	1944	573517796
scaffold_group076	ScTjWWh_2277-HRSCAF-3612	2015	573519811
scaffold_group076	ScTjWWh_2278-HRSCAF-3613	1270	573521081
scaffold_group076	ScTjWWh_2279-HRSCAF-3614	1163	573522244
scaffold_group076	ScTjWWh_2280-HRSCAF-3616	2615	573524859
scaffold_group076	ScTjWWh_2281-HRSCAF-3617	2273	573527132
scaffold_group076	ScTjWWh_2282-HRSCAF-3618	2984	573530116
scaffold_group076	ScTjWWh_2283-HRSCAF-3620	1365	573531481
scaffold_group076	ScTjWWh_2284-HRSCAF-3622	2472	573533953
scaffold_group076	ScTjWWh_2285-HRSCAF-3625	2163	573536116
scaffold_group076	ScTjWWh_2286-HRSCAF-3626	6950	573543066
scaffold_group076	ScTjWWh_2287-HRSCAF-3627	1512	573544578
scaffold_group076	ScTjWWh_2288-HRSCAF-3629	2723	573547301
scaffold_group076	ScTjWWh_2289-HRSCAF-3630	1094	573548395
scaffold_group076	ScTjWWh_2290-HRSCAF-3631	1125	573549520
scaffold_group076	ScTjWWh_2291-HRSCAF-3632	1100	573550620
scaffold_group076	ScTjWWh_2292-HRSCAF-3633	1351	573551971
scaffold_group076	ScTjWWh_2293-HRSCAF-3634	1046	573553017
scaffold_group076	ScTjWWh_2294-HRSCAF-3635	1913	573554930
scaffold_group076	ScTjWWh_2295-HRSCAF-3636	1679	573556609
scaffold_group077	ScTjWWh_2296-HRSCAF-3637	1392	573558001
scaffold_group077	ScTjWWh_2297-HRSCAF-3640	1003	573559004
scaffold_group077	ScTjWWh_2298-HRSCAF-3641	2300	573561304
scaffold_group077	ScTjWWh_2299-HRSCAF-3642	1392	573562696
scaffold_group077	ScTjWWh_2300-HRSCAF-3643	1636	573564332
scaffold_group077	ScTjWWh_2301-HRSCAF-3644	2044	573566376
scaffold_group077	ScTjWWh_2302-HRSCAF-3645	1078	573567454
scaffold_group077	ScTjWWh_2303-HRSCAF-3647	1002	573568456
scaffold_group077	ScTjWWh_2304-HRSCAF-3650	1025	573569481
scaffold_group077	ScTjWWh_2305-HRSCAF-3651	1451	573570932
scaffold_group077	ScTjWWh_2306-HRSCAF-3653	2711	573573643
scaffold_group077	ScTjWWh_2307-HRSCAF-3654	1470	573575113
scaffold_group077	ScTjWWh_2308-HRSCAF-3656	1158	573576271
scaffold_group077	ScTjWWh_2309-HRSCAF-3657	1653	573577924
scaffold_group077	ScTjWWh_2310-HRSCAF-3658	2555	573580479
scaffold_group077	ScTjWWh_2311-HRSCAF-3660	2454	573582933
scaffold_group077	ScTjWWh_2312-HRSCAF-3662	1456	573584389
scaffold_group077	ScTjWWh_2313-HRSCAF-3663	1673	573586062
scaffold_group077	ScTjWWh_2314-HRSCAF-3664	2091	573588153
scaffold_group077	ScTjWWh_2315-HRSCAF-3665	1179	573589332
scaffold_group077	ScTjWWh_2316-HRSCAF-3668	2048	573591380
scaffold_group077	ScTjWWh_2317-HRSCAF-3669	1452	573592832
scaffold_group077	ScTjWWh_2318-HRSCAF-3670	2262	573595094
scaffold_group077	ScTjWWh_2319-HRSCAF-3672	1791	573596885
scaffold_group077	ScTjWWh_2320-HRSCAF-3676	1663	573598548
scaffold_group077	ScTjWWh_2321-HRSCAF-3678	1522	573600070
scaffold_group077	ScTjWWh_2322-HRSCAF-3679	1574	573601644
scaffold_group077	ScTjWWh_2323-HRSCAF-3682	3134	573604778
scaffold_group077	ScTjWWh_2324-HRSCAF-3683	2951	573607729
scaffold_group077	ScTjWWh_2325-HRSCAF-3685	1069	573608798
scaffold_group078	ScTjWWh_2326-HRSCAF-3686	2236	573611034
scaffold_group078	ScTjWWh_2327-HRSCAF-3687	1013	573612047
scaffold_group078	ScTjWWh_2328-HRSCAF-3688	2776	573614823
scaffold_group078	ScTjWWh_2329-HRSCAF-3689	4178	573619001
scaffold_group078	ScTjWWh_2330-HRSCAF-3691	1778	573620779
scaffold_group078	ScTjWWh_2331-HRSCAF-3692	2304	573623083
scaffold_group078	ScTjWWh_2332-HRSCAF-3693	2245	573625328
scaffold_group078	ScTjWWh_2333-HRSCAF-3694	2594	573627922
scaffold_group078	ScTjWWh_2334-HRSCAF-3695	1696	573629618
scaffold_group078	ScTjWWh_2335-HRSCAF-3696	1089	573630707
scaffold_group078	ScTjWWh_2336-HRSCAF-3697	4472	573635179
scaffold_group078	ScTjWWh_2337-HRSCAF-3698	1409	573636588
scaffold_group078	ScTjWWh_2338-HRSCAF-3699	2749	573639337
scaffold_group078	ScTjWWh_2339-HRSCAF-3700	1546	573640883
scaffold_group078	ScTjWWh_2340-HRSCAF-3701	3304	573644187
scaffold_group078	ScTjWWh_2341-HRSCAF-3702	3796	573647983
scaffold_group078	ScTjWWh_2342-HRSCAF-3703	1349	573649332
scaffold_group078	ScTjWWh_2343-HRSCAF-3704	2144	573651476
scaffold_group078	ScTjWWh_2344-HRSCAF-3705	1398	573652874
scaffold_group078	ScTjWWh_2345-HRSCAF-3706	1630	573654504
scaffold_group078	ScTjWWh_2346-HRSCAF-3707	1503	573656007
scaffold_group078	ScTjWWh_2347-HRSCAF-3708	3083	573659090
scaffold_group078	ScTjWWh_2348-HRSCAF-3710	14852	573673942
scaffold_group078	ScTjWWh_2349-HRSCAF-3711	1562	573675504
scaffold_group078	ScTjWWh_2350-HRSCAF-3712	4794	573680298
scaffold_group078	ScTjWWh_2351-HRSCAF-3713	1588	573681886
scaffold_group078	ScTjWWh_2352-HRSCAF-3717	1230	573683116
scaffold_group078	ScTjWWh_2353-HRSCAF-3718	3877	573686993
scaffold_group078	ScTjWWh_2354-HRSCAF-3719	2457	573689450
scaffold_group078	ScTjWWh_2355-HRSCAF-3720	1890	573691340
scaffold_group079	ScTjWWh_2356-HRSCAF-3722	1081	573692421
scaffold_group079	ScTjWWh_2357-HRSCAF-3724	2695	573695116
scaffold_group079	ScTjWWh_2358-HRSCAF-3725	1131	573696247
scaffold_group079	ScTjWWh_2359-HRSCAF-3726	2052	573698299
scaffold_group079	ScTjWWh_2360-HRSCAF-3727	35498	573733797
scaffold_group079	ScTjWWh_2361-HRSCAF-3729	2339	573736136
scaffold_group079	ScTjWWh_2362-HRSCAF-3730	3946	573740082
scaffold_group079	ScTjWWh_2363-HRSCAF-3732	1253	573741335
scaffold_group079	ScTjWWh_2364-HRSCAF-3733	7078	573748413
scaffold_group079	ScTjWWh_2365-HRSCAF-3734	1570	573749983
scaffold_group079	ScTjWWh_2366-HRSCAF-3735	1092	573751075
scaffold_group079	ScTjWWh_2367-HRSCAF-3737	2391	573753466
scaffold_group079	ScTjWWh_2368-HRSCAF-3738	1459	573754925
scaffold_group079	ScTjWWh_2369-HRSCAF-3740	2799	573757724
scaffold_group079	ScTjWWh_2370-HRSCAF-3741	5893	573763617
scaffold_group079	ScTjWWh_2371-HRSCAF-3742	1105	573764722
scaffold_group079	ScTjWWh_2372-HRSCAF-3743	1463	573766185
scaffold_group079	ScTjWWh_2373-HRSCAF-3745	4620	573770805
scaffold_group079	ScTjWWh_2374-HRSCAF-3747	6354	573777159
scaffold_group079	ScTjWWh_2375-HRSCAF-3748	1092	573778251
scaffold_group079	ScTjWWh_2376-HRSCAF-3749	2630	573780881
scaffold_group079	ScTjWWh_2377-HRSCAF-3750	1115	573781996
scaffold_group079	ScTjWWh_2378-HRSCAF-3751	3581	573785577
scaffold_group079	ScTjWWh_2379-HRSCAF-3753	4968	573790545
scaffold_group079	ScTjWWh_2380-HRSCAF-3754	1842	573792387
scaffold_group079	ScTjWWh_2381-HRSCAF-3755	1521	573793908
scaffold_group079	ScTjWWh_2382-HRSCAF-3756	2352	573796260
scaffold_group079	ScTjWWh_2383-HRSCAF-3759	3998	573800258
scaffold_group079	ScTjWWh_2384-HRSCAF-3760	1739	573801997
scaffold_group079	ScTjWWh_2385-HRSCAF-3762	1592	573803589
scaffold_group080	ScTjWWh_2386-HRSCAF-3763	1837	573805426
scaffold_group080	ScTjWWh_2387-HRSCAF-3764	1732	573807158
scaffold_group080	ScTjWWh_2388-HRSCAF-3765	3785	573810943
scaffold_group080	ScTjWWh_2390-HRSCAF-3767	1236	725270888
scaffold_group080	ScTjWWh_2391-HRSCAF-3770	2582	725273470
scaffold_group080	ScTjWWh_2392-HRSCAF-3772	1546	725275016
scaffold_group080	ScTjWWh_2393-HRSCAF-3773	1524	725276540
scaffold_group080	ScTjWWh_2394-HRSCAF-3774	1619	725278159
scaffold_group080	ScTjWWh_2395-HRSCAF-3775	1114	725279273
scaffold_group080	ScTjWWh_2396-HRSCAF-3776	1112	725280385
scaffold_group080	ScTjWWh_2397-HRSCAF-3777	1585	725281970
scaffold_group080	ScTjWWh_2398-HRSCAF-3779	2821	725284791
scaffold_group080	ScTjWWh_2399-HRSCAF-3781	1637	725286428
scaffold_group080	ScTjWWh_2400-HRSCAF-3787	1388	725287816
scaffold_group080	ScTjWWh_2401-HRSCAF-3789	1117	725288933
scaffold_group080	ScTjWWh_2402-HRSCAF-3791	3661	725292594
scaffold_group080	ScTjWWh_2403-HRSCAF-3792	1431	725294025
scaffold_group080	ScTjWWh_2404-HRSCAF-3793	2156	725296181
scaffold_group080	ScTjWWh_2405-HRSCAF-3794	1434	725297615
scaffold_group080	ScTjWWh_2406-HRSCAF-3795	1175	725298790
scaffold_group080	ScTjWWh_2407-HRSCAF-3798	2405	725301195
scaffold_group080	ScTjWWh_2408-HRSCAF-3800	1236	725302431
scaffold_group080	ScTjWWh_2409-HRSCAF-3801	1066	725303497
scaffold_group080	ScTjWWh_2410-HRSCAF-3802	2113	725305610
scaffold_group080	ScTjWWh_2411-HRSCAF-3803	1360	725306970
scaffold_group080	ScTjWWh_2412-HRSCAF-3809	1076	725308046
scaffold_group080	ScTjWWh_2413-HRSCAF-3810	1561	725309607
scaffold_group080	ScTjWWh_2414-HRSCAF-3811	2246	725311853
scaffold_group080	ScTjWWh_2415-HRSCAF-3813	1268	725313121
scaffold_group080	ScTjWWh_2416-HRSCAF-3814	3586	725316707
scaffold_group081	ScTjWWh_2417-HRSCAF-3815	1360	725318067
scaffold_group081	ScTjWWh_2418-HRSCAF-3816	1015	725319082
scaffold_group081	ScTjWWh_2419-HRSCAF-3817	1424	725320506
scaffold_group081	ScTjWWh_2420-HRSCAF-3818	1722	725322228
scaffold_group081	ScTjWWh_2421-HRSCAF-3819	3787	725326015
scaffold_group081	ScTjWWh_2422-HRSCAF-3820	1662	725327677
scaffold_group081	ScTjWWh_2423-HRSCAF-3822	2075	725329752
scaffold_group081	ScTjWWh_2424-HRSCAF-3825	2038	725331790
scaffold_group081	ScTjWWh_2425-HRSCAF-3826	1471	725333261
scaffold_group081	ScTjWWh_2426-HRSCAF-3827	4961	725338222
scaffold_group081	ScTjWWh_2427-HRSCAF-3828	1871	725340093
scaffold_group081	ScTjWWh_2428-HRSCAF-3830	1588	725341681
scaffold_group081	ScTjWWh_2429-HRSCAF-3832	6212	725347893
scaffold_group081	ScTjWWh_2430-HRSCAF-3835	1500	725349393
scaffold_group081	ScTjWWh_2431-HRSCAF-3837	1024	725350417
scaffold_group081	ScTjWWh_2432-HRSCAF-3838	5321	725355738
scaffold_group081	ScTjWWh_2433-HRSCAF-3839	1301	725357039
scaffold_group081	ScTjWWh_2434-HRSCAF-3841	1102	725358141
scaffold_group081	ScTjWWh_2435-HRSCAF-3842	1264	725359405
scaffold_group081	ScTjWWh_2436-HRSCAF-3843	1039	725360444
scaffold_group081	ScTjWWh_2437-HRSCAF-3845	1569	725362013
scaffold_group081	ScTjWWh_2438-HRSCAF-3846	3218	725365231
scaffold_group081	ScTjWWh_2439-HRSCAF-3847	1872	725367103
scaffold_group081	ScTjWWh_2440-HRSCAF-3848	1289	725368392
scaffold_group081	ScTjWWh_2441-HRSCAF-3849	1381	725369773
scaffold_group081	ScTjWWh_2442-HRSCAF-3850	1907	725371680
scaffold_group081	ScTjWWh_2443-HRSCAF-3851	1429	725373109
scaffold_group081	ScTjWWh_2444-HRSCAF-3853	1235	725374344
scaffold_group081	ScTjWWh_2445-HRSCAF-3854	4045	725378389
scaffold_group081	ScTjWWh_2446-HRSCAF-3855	4437	725382826
scaffold_group082	ScTjWWh_2447-HRSCAF-3857	1163	725383989
scaffold_group082	ScTjWWh_2448-HRSCAF-3859	1114	725385103
scaffold_group082	ScTjWWh_2449-HRSCAF-3860	1104	725386207
scaffold_group082	ScTjWWh_2450-HRSCAF-3861	1295	725387502
scaffold_group082	ScTjWWh_2451-HRSCAF-3862	1714	725389216
scaffold_group082	ScTjWWh_2452-HRSCAF-3867	2069	725391285
scaffold_group082	ScTjWWh_2453-HRSCAF-3868	1495	725392780
scaffold_group082	ScTjWWh_2454-HRSCAF-3870	2077	725394857
scaffold_group082	ScTjWWh_2455-HRSCAF-3872	1686	725396543
scaffold_group082	ScTjWWh_2456-HRSCAF-3873	1063	725397606
scaffold_group082	ScTjWWh_2457-HRSCAF-3876	2744	725400350
scaffold_group082	ScTjWWh_2458-HRSCAF-3878	1424	725401774
scaffold_group082	ScTjWWh_2459-HRSCAF-3879	1219	725402993
scaffold_group082	ScTjWWh_2460-HRSCAF-3880	2346	725405339
scaffold_group082	ScTjWWh_2461-HRSCAF-3881	1585	725406924
scaffold_group082	ScTjWWh_2462-HRSCAF-3883	1548	725408472
scaffold_group082	ScTjWWh_2463-HRSCAF-3886	1482	725409954
scaffold_group082	ScTjWWh_2464-HRSCAF-3887	3933	725413887
scaffold_group082	ScTjWWh_2465-HRSCAF-3888	2367	725416254
scaffold_group082	ScTjWWh_2466-HRSCAF-3889	1156	725417410
scaffold_group082	ScTjWWh_2467-HRSCAF-3892	1541	725418951
scaffold_group082	ScTjWWh_2468-HRSCAF-3896	1064	725420015
scaffold_group082	ScTjWWh_2469-HRSCAF-3898	1086	725421101
scaffold_group082	ScTjWWh_2470-HRSCAF-3899	1350	725422451
scaffold_group082	ScTjWWh_2471-HRSCAF-3901	2243	725424694
scaffold_group082	ScTjWWh_2472-HRSCAF-3902	1253	725425947
scaffold_group082	ScTjWWh_2473-HRSCAF-3904	2074	725428021
scaffold_group082	ScTjWWh_2474-HRSCAF-3905	1656	725429677
scaffold_group082	ScTjWWh_2475-HRSCAF-3906	1071	725430748
scaffold_group082	ScTjWWh_2476-HRSCAF-3907	1860	725432608
scaffold_group083	ScTjWWh_2477-HRSCAF-3908	1101	725433709
scaffold_group083	ScTjWWh_2478-HRSCAF-3909	1558	725435267
scaffold_group083	ScTjWWh_2479-HRSCAF-3910	2274	725437541
scaffold_group083	ScTjWWh_2480-HRSCAF-3913	1782	725439323
scaffold_group083	ScTjWWh_2481-HRSCAF-3914	2367	725441690
scaffold_group083	ScTjWWh_2482-HRSCAF-3915	1069	725442759
scaffold_group083	ScTjWWh_2483-HRSCAF-3917	1162	725443921
scaffold_group083	ScTjWWh_2484-HRSCAF-3918	1141	725445062
scaffold_group083	ScTjWWh_2485-HRSCAF-3920	1117	725446179
scaffold_group083	ScTjWWh_2486-HRSCAF-3921	3390	725449569
scaffold_group083	ScTjWWh_2487-HRSCAF-3923	3363	725452932
scaffold_group083	ScTjWWh_2488-HRSCAF-3924	1793	725454725
scaffold_group083	ScTjWWh_2489-HRSCAF-3925	3703	725458428
scaffold_group083	ScTjWWh_2490-HRSCAF-3927	3080	725461508
scaffold_group083	ScTjWWh_2491-HRSCAF-3928	1339	725462847
scaffold_group083	ScTjWWh_2492-HRSCAF-3929	1708	725464555
scaffold_group083	ScTjWWh_2493-HRSCAF-3931	3156	725467711
scaffold_group083	ScTjWWh_2494-HRSCAF-3932	61902	725529613
scaffold_group083	ScTjWWh_2495-HRSCAF-3933	2366	725531979
scaffold_group083	ScTjWWh_2496-HRSCAF-3935	1089	725533068
scaffold_group083	ScTjWWh_2497-HRSCAF-3940	2552	725535620
scaffold_group083	ScTjWWh_2498-HRSCAF-3942	1397	725537017
scaffold_group083	ScTjWWh_2499-HRSCAF-3943	1085	725538102
scaffold_group083	ScTjWWh_2500-HRSCAF-3944	2192	725540294
scaffold_group083	ScTjWWh_2501-HRSCAF-3946	1104	725541398
scaffold_group083	ScTjWWh_2502-HRSCAF-3949	2873	725544271
scaffold_group083	ScTjWWh_2503-HRSCAF-3950	1346	725545617
scaffold_group083	ScTjWWh_2504-HRSCAF-3952	1569	725547186
scaffold_group083	ScTjWWh_2505-HRSCAF-3955	1154	725548340
scaffold_group083	ScTjWWh_2506-HRSCAF-3957	4607	725552947
scaffold_group084	ScTjWWh_2507-HRSCAF-3958	6942	725559889
scaffold_group084	ScTjWWh_2508-HRSCAF-3960	1122	725561011
scaffold_group084	ScTjWWh_2509-HRSCAF-3961	5007	725566018
scaffold_group084	ScTjWWh_2510-HRSCAF-3963	3646	725569664
scaffold_group084	ScTjWWh_2511-HRSCAF-3964	2191	725571855
scaffold_group084	ScTjWWh_2512-HRSCAF-3966	2003	725573858
scaffold_group084	ScTjWWh_2513-HRSCAF-3968	1201	725575059
scaffold_group084	ScTjWWh_2514-HRSCAF-3971	7815	725582874
scaffold_group084	ScTjWWh_2515-HRSCAF-3972	1270	725584144
scaffold_group084	ScTjWWh_2516-HRSCAF-3973	2545	725586689
scaffold_group084	ScTjWWh_2517-HRSCAF-3974	1101	725587790
scaffold_group084	ScTjWWh_2518-HRSCAF-3975	2217	725590007
scaffold_group084	ScTjWWh_2519-HRSCAF-3978	2210	725592217
scaffold_group084	ScTjWWh_2520-HRSCAF-3982	3471	725595688
scaffold_group084	ScTjWWh_2521-HRSCAF-3985	1292	725596980
scaffold_group084	ScTjWWh_2522-HRSCAF-3988	1112	725598092
scaffold_group084	ScTjWWh_2523-HRSCAF-3990	1033	725599125
scaffold_group084	ScTjWWh_2524-HRSCAF-3991	7789	725606914
scaffold_group084	ScTjWWh_2525-HRSCAF-3992	1889	725608803
scaffold_group084	ScTjWWh_2526-HRSCAF-3993	1312	725610115
scaffold_group084	ScTjWWh_2527-HRSCAF-3994	1294	725611409
scaffold_group084	ScTjWWh_2528-HRSCAF-3995	4456	725615865
scaffold_group084	ScTjWWh_2529-HRSCAF-3996	5737	725621602
scaffold_group084	ScTjWWh_2530-HRSCAF-3997	1041	725622643
scaffold_group084	ScTjWWh_2531-HRSCAF-3998	2152	725624795
scaffold_group084	ScTjWWh_2532-HRSCAF-3999	1032	725625827
scaffold_group084	ScTjWWh_2533-HRSCAF-4000	1663	725627490
scaffold_group084	ScTjWWh_2534-HRSCAF-4001	2234	725629724
scaffold_group084	ScTjWWh_2535-HRSCAF-4004	4005	725633729
scaffold_group084	ScTjWWh_2536-HRSCAF-4005	1485	725635214
scaffold_group085	ScTjWWh_2537-HRSCAF-4009	1266	725636480
scaffold_group085	ScTjWWh_2538-HRSCAF-4010	1584	725638064
scaffold_group085	ScTjWWh_2539-HRSCAF-4011	1594	725639658
scaffold_group085	ScTjWWh_2540-HRSCAF-4012	2118	725641776
scaffold_group085	ScTjWWh_2541-HRSCAF-4013	6434	725648210
scaffold_group085	ScTjWWh_2542-HRSCAF-4014	1299	725649509
scaffold_group085	ScTjWWh_2543-HRSCAF-4015	1340	725650849
scaffold_group085	ScTjWWh_2544-HRSCAF-4016	1303	725652152
scaffold_group085	ScTjWWh_2545-HRSCAF-4019	1091	725653243
scaffold_group085	ScTjWWh_2546-HRSCAF-4022	1868	725655111
scaffold_group085	ScTjWWh_2547-HRSCAF-4023	1672	725656783
scaffold_group085	ScTjWWh_2548-HRSCAF-4024	1008	725657791
scaffold_group085	ScTjWWh_2549-HRSCAF-4025	3782	725661573
scaffold_group085	ScTjWWh_2550-HRSCAF-4026	1711	725663284
scaffold_group085	ScTjWWh_2551-HRSCAF-4027	1000	725664284
scaffold_group085	ScTjWWh_2552-HRSCAF-4028	1248	725665532
scaffold_group085	ScTjWWh_2553-HRSCAF-4029	3238	725668770
scaffold_group085	ScTjWWh_2554-HRSCAF-4033	1280	725670050
scaffold_group085	ScTjWWh_2555-HRSCAF-4035	4696	725674746
scaffold_group085	ScTjWWh_2556-HRSCAF-4036	1271	725676017
scaffold_group085	ScTjWWh_2557-HRSCAF-4037	6632	725682649
scaffold_group085	ScTjWWh_2558-HRSCAF-4038	1044	725683693
scaffold_group085	ScTjWWh_2559-HRSCAF-4041	2931	725686624
scaffold_group085	ScTjWWh_2560-HRSCAF-4042	1127	725687751
scaffold_group085	ScTjWWh_2561-HRSCAF-4043	1166	725688917
scaffold_group085	ScTjWWh_2562-HRSCAF-4044	1884	725690801
scaffold_group085	ScTjWWh_2563-HRSCAF-4045	2218	725693019
scaffold_group085	ScTjWWh_2564-HRSCAF-4047	1421	725694440
scaffold_group085	ScTjWWh_2565-HRSCAF-4048	1202	725695642
scaffold_group085	ScTjWWh_2566-HRSCAF-4049	1881	725697523
scaffold_group086	ScTjWWh_2567-HRSCAF-4051	1266	725698789
scaffold_group086	ScTjWWh_2568-HRSCAF-4052	1523	725700312
scaffold_group086	ScTjWWh_2569-HRSCAF-4054	2670	725702982
scaffold_group086	ScTjWWh_2570-HRSCAF-4055	1507	725704489
scaffold_group086	ScTjWWh_2571-HRSCAF-4056	1392	725705881
scaffold_group086	ScTjWWh_2572-HRSCAF-4057	1072	725706953
scaffold_group086	ScTjWWh_2573-HRSCAF-4058	2241	725709194
scaffold_group086	ScTjWWh_2574-HRSCAF-4059	3071	725712265
scaffold_group086	ScTjWWh_2575-HRSCAF-4060	1028	725713293
scaffold_group086	ScTjWWh_2576-HRSCAF-4061	2352	725715645
scaffold_group086	ScTjWWh_2577-HRSCAF-4062	1092	725716737
scaffold_group086	ScTjWWh_2578-HRSCAF-4063	1260	725717997
scaffold_group086	ScTjWWh_2579-HRSCAF-4065	1590	725719587
scaffold_group086	ScTjWWh_2580-HRSCAF-4066	1328	725720915
scaffold_group086	ScTjWWh_2581-HRSCAF-4067	1078	725721993
scaffold_group086	ScTjWWh_2582-HRSCAF-4069	1243	725723236
scaffold_group086	ScTjWWh_2583-HRSCAF-4071	3610	725726846
scaffold_group086	ScTjWWh_2584-HRSCAF-4072	1085	725727931
scaffold_group086	ScTjWWh_2585-HRSCAF-4073	1439	725729370
scaffold_group086	ScTjWWh_2586-HRSCAF-4074	1320	725730690
scaffold_group086	ScTjWWh_2587-HRSCAF-4076	1283	725731973
scaffold_group086	ScTjWWh_2588-HRSCAF-4077	1179	725733152
scaffold_group086	ScTjWWh_2589-HRSCAF-4079	1437	725734589
scaffold_group086	ScTjWWh_2590-HRSCAF-4081	1171	725735760
scaffold_group086	ScTjWWh_2591-HRSCAF-4082	2043	725737803
scaffold_group086	ScTjWWh_2592-HRSCAF-4083	1432	725739235
scaffold_group086	ScTjWWh_2593-HRSCAF-4084	1490	725740725
scaffold_group086	ScTjWWh_2594-HRSCAF-4085	1263	725741988
scaffold_group086	ScTjWWh_2595-HRSCAF-4086	1389	725743377
scaffold_group086	ScTjWWh_2596-HRSCAF-4087	1292	725744669
scaffold_group087	ScTjWWh_2597-HRSCAF-4088	1233	725745902
scaffold_group087	ScTjWWh_2598-HRSCAF-4089	1308	725747210
scaffold_group087	ScTjWWh_2599-HRSCAF-4090	1750	725748960
scaffold_group087	ScTjWWh_2600-HRSCAF-4092	1918	725750878
scaffold_group087	ScTjWWh_2601-HRSCAF-4093	21258	725772136
scaffold_group087	ScTjWWh_2602-HRSCAF-4096	1614	725773750
scaffold_group087	ScTjWWh_2603-HRSCAF-4103	1302	725775052
scaffold_group087	ScTjWWh_2604-HRSCAF-4104	1084	725776136
scaffold_group087	ScTjWWh_2605-HRSCAF-4105	1315	725777451
scaffold_group087	ScTjWWh_2606-HRSCAF-4109	1346	725778797
scaffold_group087	ScTjWWh_2607-HRSCAF-4110	1044	725779841
scaffold_group087	ScTjWWh_2608-HRSCAF-4112	3099	725782940
scaffold_group087	ScTjWWh_2609-HRSCAF-4113	1480	725784420
scaffold_group087	ScTjWWh_2610-HRSCAF-4114	1161	725785581
scaffold_group087	ScTjWWh_2611-HRSCAF-4115	3173	725788754
scaffold_group087	ScTjWWh_2612-HRSCAF-4117	1564	725790318
scaffold_group087	ScTjWWh_2613-HRSCAF-4119	2026	725792344
scaffold_group087	ScTjWWh_2614-HRSCAF-4120	1481	725793825
scaffold_group087	ScTjWWh_2615-HRSCAF-4121	1490	725795315
scaffold_group087	ScTjWWh_2616-HRSCAF-4122	1060	725796375
scaffold_group087	ScTjWWh_2617-HRSCAF-4123	1785	725798160
scaffold_group087	ScTjWWh_2618-HRSCAF-4125	1315	725799475
scaffold_group087	ScTjWWh_2619-HRSCAF-4126	1092	725800567
scaffold_group087	ScTjWWh_2620-HRSCAF-4127	1840	725802407
scaffold_group087	ScTjWWh_2621-HRSCAF-4128	1648	725804055
scaffold_group087	ScTjWWh_2622-HRSCAF-4130	2048	725806103
scaffold_group087	ScTjWWh_2623-HRSCAF-4132	2444	725808547
scaffold_group087	ScTjWWh_2624-HRSCAF-4135	1172	725809719
scaffold_group087	ScTjWWh_2625-HRSCAF-4137	1060	725810779
scaffold_group087	ScTjWWh_2626-HRSCAF-4138	3507	725814286
scaffold_group088	ScTjWWh_2627-HRSCAF-4139	1089	725815375
scaffold_group088	ScTjWWh_2628-HRSCAF-4140	1299	725816674
scaffold_group088	ScTjWWh_2629-HRSCAF-4143	1301	725817975
scaffold_group088	ScTjWWh_2630-HRSCAF-4145	1008	725818983
scaffold_group088	ScTjWWh_2631-HRSCAF-4146	1202	725820185
scaffold_group088	ScTjWWh_2632-HRSCAF-4150	2308	725822493
scaffold_group088	ScTjWWh_2633-HRSCAF-4151	2119	725824612
scaffold_group088	ScTjWWh_2634-HRSCAF-4153	2614	725827226
scaffold_group088	ScTjWWh_2635-HRSCAF-4158	1011	725828237
scaffold_group088	ScTjWWh_2636-HRSCAF-4160	1463	725829700
scaffold_group088	ScTjWWh_2637-HRSCAF-4161	5767	725835467
scaffold_group088	ScTjWWh_2638-HRSCAF-4162	2177	725837644
scaffold_group088	ScTjWWh_2639-HRSCAF-4164	1294	725838938
scaffold_group088	ScTjWWh_2640-HRSCAF-4165	1050	725839988
scaffold_group088	ScTjWWh_2641-HRSCAF-4166	2282	725842270
scaffold_group088	ScTjWWh_2642-HRSCAF-4171	1837	725844107
scaffold_group088	ScTjWWh_2643-HRSCAF-4172	1197	725845304
scaffold_group088	ScTjWWh_2644-HRSCAF-4173	1840	725847144
scaffold_group088	ScTjWWh_2645-HRSCAF-4174	1635	725848779
scaffold_group088	ScTjWWh_2646-HRSCAF-4176	2961	725851740
scaffold_group088	ScTjWWh_2647-HRSCAF-4177	1306	725853046
scaffold_group088	ScTjWWh_2648-HRSCAF-4178	1075	725854121
scaffold_group088	ScTjWWh_2649-HRSCAF-4179	1582	725855703
scaffold_group088	ScTjWWh_2650-HRSCAF-4180	1051	725856754
scaffold_group088	ScTjWWh_2651-HRSCAF-4181	190749	726047503
scaffold_group088	ScTjWWh_2652-HRSCAF-4182	1889	726049392
scaffold_group088	ScTjWWh_2653-HRSCAF-4184	2492	726051884
scaffold_group088	ScTjWWh_2654-HRSCAF-4185	1539	726053423
scaffold_group088	ScTjWWh_2655-HRSCAF-4186	1404	726054827
scaffold_group088	ScTjWWh_2656-HRSCAF-4187	1711	726056538
scaffold_group089	ScTjWWh_2657-HRSCAF-4188	1274	726057812
scaffold_group089	ScTjWWh_2658-HRSCAF-4191	1178	726058990
scaffold_group089	ScTjWWh_2659-HRSCAF-4192	1293	726060283
scaffold_group089	ScTjWWh_2660-HRSCAF-4194	1673	726061956
scaffold_group089	ScTjWWh_2661-HRSCAF-4196	1375	726063331
scaffold_group089	ScTjWWh_2662-HRSCAF-4198	1400	726064731
scaffold_group089	ScTjWWh_2663-HRSCAF-4199	2420	726067151
scaffold_group089	ScTjWWh_2664-HRSCAF-4200	12684	726079835
scaffold_group089	ScTjWWh_2665-HRSCAF-4202	1290	726081125
scaffold_group089	ScTjWWh_2666-HRSCAF-4203	1112	726082237
scaffold_group089	ScTjWWh_2667-HRSCAF-4204	1240	726083477
scaffold_group089	ScTjWWh_2668-HRSCAF-4206	1399	726084876
scaffold_group089	ScTjWWh_2669-HRSCAF-4209	1045	726085921
scaffold_group089	ScTjWWh_2670-HRSCAF-4213	3881	726089802
scaffold_group089	ScTjWWh_2671-HRSCAF-4215	2109	726091911
scaffold_group089	ScTjWWh_2672-HRSCAF-4216	1545	726093456
scaffold_group089	ScTjWWh_2673-HRSCAF-4217	1042	726094498
scaffold_group089	ScTjWWh_2674-HRSCAF-4219	1219	726095717
scaffold_group089	ScTjWWh_2675-HRSCAF-4220	2493	726098210
scaffold_group089	ScTjWWh_2676-HRSCAF-4221	3023	726101233
scaffold_group089	ScTjWWh_2677-HRSCAF-4222	1349	726102582
scaffold_group089	ScTjWWh_2678-HRSCAF-4224	1211	726103793
scaffold_group089	ScTjWWh_2679-HRSCAF-4226	1343	726105136
scaffold_group089	ScTjWWh_2680-HRSCAF-4227	5552	726110688
scaffold_group089	ScTjWWh_2681-HRSCAF-4229	1238	726111926
scaffold_group089	ScTjWWh_2682-HRSCAF-4230	1556	726113482
scaffold_group089	ScTjWWh_2683-HRSCAF-4231	3021	726116503
scaffold_group089	ScTjWWh_2684-HRSCAF-4232	2500	726119003
scaffold_group089	ScTjWWh_2685-HRSCAF-4233	1005	726120008
scaffold_group089	ScTjWWh_2686-HRSCAF-4234	1440	726121448
scaffold_group090	ScTjWWh_2687-HRSCAF-4235	1164	726122612
scaffold_group090	ScTjWWh_2688-HRSCAF-4237	1821	726124433
scaffold_group090	ScTjWWh_2689-HRSCAF-4238	2729	726127162
scaffold_group090	ScTjWWh_2690-HRSCAF-4239	2298	726129460
scaffold_group090	ScTjWWh_2691-HRSCAF-4242	2594	726132054
scaffold_group090	ScTjWWh_2692-HRSCAF-4243	1847	726133901
scaffold_group090	ScTjWWh_2693-HRSCAF-4244	2589	726136490
scaffold_group090	ScTjWWh_2694-HRSCAF-4245	1212	726137702
scaffold_group090	ScTjWWh_2695-HRSCAF-4246	1722	726139424
scaffold_group090	ScTjWWh_2696-HRSCAF-4247	1036	726140460
scaffold_group090	ScTjWWh_2697-HRSCAF-4249	3250	726143710
scaffold_group090	ScTjWWh_2698-HRSCAF-4253	2397	726146107
scaffold_group090	ScTjWWh_2699-HRSCAF-4254	1290	726147397
scaffold_group090	ScTjWWh_2700-HRSCAF-4255	1022	726148419
scaffold_group090	ScTjWWh_2701-HRSCAF-4256	2306	726150725
scaffold_group090	ScTjWWh_2702-HRSCAF-4257	2923	726153648
scaffold_group090	ScTjWWh_2703-HRSCAF-4258	3681	726157329
scaffold_group090	ScTjWWh_2704-HRSCAF-4259	2249	726159578
scaffold_group090	ScTjWWh_2705-HRSCAF-4260	1740	726161318
scaffold_group090	ScTjWWh_2706-HRSCAF-4262	1261	726162579
scaffold_group090	ScTjWWh_2707-HRSCAF-4264	1473	726164052
scaffold_group090	ScTjWWh_2708-HRSCAF-4267	2875	726166927
scaffold_group090	ScTjWWh_2709-HRSCAF-4269	2174	726169101
scaffold_group090	ScTjWWh_2710-HRSCAF-4270	1025	726170126
scaffold_group090	ScTjWWh_2711-HRSCAF-4271	1292	726171418
scaffold_group090	ScTjWWh_2712-HRSCAF-4272	4993	726176411
scaffold_group090	ScTjWWh_2713-HRSCAF-4273	3658	726180069
scaffold_group090	ScTjWWh_2714-HRSCAF-4275	2601	726182670
scaffold_group090	ScTjWWh_2715-HRSCAF-4278	1347	726184017
scaffold_group090	ScTjWWh_2716-HRSCAF-4279	1251	726185268
scaffold_group091	ScTjWWh_2717-HRSCAF-4280	1364	726186632
scaffold_group091	ScTjWWh_2718-HRSCAF-4284	2243	726188875
scaffold_group091	ScTjWWh_2719-HRSCAF-4287	4034	726192909
scaffold_group091	ScTjWWh_2720-HRSCAF-4290	1480	726194389
scaffold_group091	ScTjWWh_2721-HRSCAF-4292	1410	726195799
scaffold_group091	ScTjWWh_2722-HRSCAF-4294	1115	726196914
scaffold_group091	ScTjWWh_2723-HRSCAF-4296	1724	726198638
scaffold_group091	ScTjWWh_2724-HRSCAF-4297	1122	726199760
scaffold_group091	ScTjWWh_2725-HRSCAF-4298	1013	726200773
scaffold_group091	ScTjWWh_2726-HRSCAF-4302	1454	726202227
scaffold_group091	ScTjWWh_2727-HRSCAF-4304	1109	726203336
scaffold_group091	ScTjWWh_2728-HRSCAF-4306	1203	726204539
scaffold_group091	ScTjWWh_2729-HRSCAF-4309	2060	726206599
scaffold_group091	ScTjWWh_2730-HRSCAF-4310	2030	726208629
scaffold_group091	ScTjWWh_2731-HRSCAF-4311	1208	726209837
scaffold_group091	ScTjWWh_2732-HRSCAF-4312	1490	726211327
scaffold_group091	ScTjWWh_2733-HRSCAF-4313	2864	726214191
scaffold_group091	ScTjWWh_2734-HRSCAF-4315	1505	726215696
scaffold_group091	ScTjWWh_2735-HRSCAF-4316	2606	726218302
scaffold_group091	ScTjWWh_2736-HRSCAF-4317	2466	726220768
scaffold_group091	ScTjWWh_2737-HRSCAF-4319	6939	726227707
scaffold_group091	ScTjWWh_2738-HRSCAF-4320	4449	726232156
scaffold_group091	ScTjWWh_2739-HRSCAF-4321	1038	726233194
scaffold_group091	ScTjWWh_2740-HRSCAF-4322	1150	726234344
scaffold_group091	ScTjWWh_2741-HRSCAF-4323	1221	726235565
scaffold_group091	ScTjWWh_2742-HRSCAF-4324	1098	726236663
scaffold_group091	ScTjWWh_2743-HRSCAF-4325	1454	726238117
scaffold_group091	ScTjWWh_2744-HRSCAF-4326	3151	726241268
scaffold_group091	ScTjWWh_2745-HRSCAF-4331	1496	726242764
scaffold_group091	ScTjWWh_2746-HRSCAF-4332	2059	726244823
scaffold_group092	ScTjWWh_2747-HRSCAF-4334	1872	726246695
scaffold_group092	ScTjWWh_2748-HRSCAF-4335	1116	726247811
scaffold_group092	ScTjWWh_2749-HRSCAF-4336	7652	726255463
scaffold_group092	ScTjWWh_2750-HRSCAF-4337	1070	726256533
scaffold_group092	ScTjWWh_2751-HRSCAF-4339	3409	726259942
scaffold_group092	ScTjWWh_2752-HRSCAF-4341	3193	726263135
scaffold_group092	ScTjWWh_2753-HRSCAF-4342	1060	726264195
scaffold_group092	ScTjWWh_2754-HRSCAF-4343	2060	726266255
scaffold_group092	ScTjWWh_2755-HRSCAF-4347	1458	726267713
scaffold_group092	ScTjWWh_2756-HRSCAF-4348	2968	726270681
scaffold_group092	ScTjWWh_2757-HRSCAF-4349	1343	726272024
scaffold_group092	ScTjWWh_2758-HRSCAF-4350	1112	726273136
scaffold_group092	ScTjWWh_2759-HRSCAF-4354	2366	726275502
scaffold_group092	ScTjWWh_2760-HRSCAF-4356	1083	726276585
scaffold_group092	ScTjWWh_2761-HRSCAF-4357	2108	726278693
scaffold_group092	ScTjWWh_2762-HRSCAF-4359	1428	726280121
scaffold_group092	ScTjWWh_2763-HRSCAF-4360	1388	726281509
scaffold_group092	ScTjWWh_2764-HRSCAF-4361	2680	726284189
scaffold_group092	ScTjWWh_2765-HRSCAF-4362	1318	726285507
scaffold_group092	ScTjWWh_2766-HRSCAF-4363	1524	726287031
scaffold_group092	ScTjWWh_2767-HRSCAF-4364	2447	726289478
scaffold_group092	ScTjWWh_2768-HRSCAF-4366	2409	726291887
scaffold_group092	ScTjWWh_2769-HRSCAF-4368	1705	726293592
scaffold_group092	ScTjWWh_2770-HRSCAF-4369	1719	726295311
scaffold_group092	ScTjWWh_2771-HRSCAF-4372	4218	726299529
scaffold_group092	ScTjWWh_2772-HRSCAF-4376	3282	726302811
scaffold_group092	ScTjWWh_2773-HRSCAF-4378	4285	726307096
scaffold_group092	ScTjWWh_2774-HRSCAF-4379	1094	726308190
scaffold_group092	ScTjWWh_2775-HRSCAF-4380	1558	726309748
scaffold_group092	ScTjWWh_2776-HRSCAF-4381	1052	726310800
scaffold_group093	ScTjWWh_2777-HRSCAF-4383	1009	726311809
scaffold_group093	ScTjWWh_2778-HRSCAF-4384	1811	726313620
scaffold_group093	ScTjWWh_2779-HRSCAF-4385	2678	726316298
scaffold_group093	ScTjWWh_2780-HRSCAF-4386	3152	726319450
scaffold_group093	ScTjWWh_2781-HRSCAF-4387	1005	726320455
scaffold_group093	ScTjWWh_2782-HRSCAF-4388	1221	726321676
scaffold_group093	ScTjWWh_2783-HRSCAF-4389	1117	726322793
scaffold_group093	ScTjWWh_2784-HRSCAF-4390	2265	726325058
scaffold_group093	ScTjWWh_2785-HRSCAF-4391	1201	726326259
scaffold_group093	ScTjWWh_2786-HRSCAF-4393	3477	726329736
scaffold_group093	ScTjWWh_2787-HRSCAF-4395	4084	726333820
scaffold_group093	ScTjWWh_2788-HRSCAF-4396	1065	726334885
scaffold_group093	ScTjWWh_2789-HRSCAF-4397	1556	726336441
scaffold_group093	ScTjWWh_2790-HRSCAF-4399	1338	726337779
scaffold_group093	ScTjWWh_2791-HRSCAF-4400	1033	726338812
scaffold_group093	ScTjWWh_2792-HRSCAF-4401	1381	726340193
scaffold_group093	ScTjWWh_2793-HRSCAF-4402	2141	726342334
scaffold_group093	ScTjWWh_2794-HRSCAF-4403	1054	726343388
scaffold_group093	ScTjWWh_2795-HRSCAF-4406	1239	726344627
scaffold_group093	ScTjWWh_2796-HRSCAF-4407	1190	726345817
scaffold_group093	ScTjWWh_2797-HRSCAF-4409	1889	726347706
scaffold_group093	ScTjWWh_2798-HRSCAF-4414	1136	726348842
scaffold_group093	ScTjWWh_2799-HRSCAF-4415	1204	726350046
scaffold_group093	ScTjWWh_2800-HRSCAF-4417	1968	726352014
scaffold_group093	ScTjWWh_2801-HRSCAF-4418	1764	726353778
scaffold_group093	ScTjWWh_2802-HRSCAF-4419	1559	726355337
scaffold_group093	ScTjWWh_2803-HRSCAF-4421	1533	726356870
scaffold_group093	ScTjWWh_2804-HRSCAF-4422	1627	726358497
scaffold_group093	ScTjWWh_2805-HRSCAF-4424	1314	726359811
scaffold_group093	ScTjWWh_2806-HRSCAF-4425	1000	726360811
scaffold_group094	ScTjWWh_2807-HRSCAF-4426	1193	726362004
scaffold_group094	ScTjWWh_2808-HRSCAF-4427	1003	726363007
scaffold_group094	ScTjWWh_2809-HRSCAF-4428	1204	726364211
scaffold_group094	ScTjWWh_2810-HRSCAF-4429	1191	726365402
scaffold_group094	ScTjWWh_2811-HRSCAF-4431	1609	726367011
scaffold_group094	ScTjWWh_2812-HRSCAF-4432	4506	726371517
scaffold_group094	ScTjWWh_2813-HRSCAF-4434	1072	726372589
scaffold_group094	ScTjWWh_2814-HRSCAF-4435	1057	726373646
scaffold_group094	ScTjWWh_2815-HRSCAF-4436	3292	726376938
scaffold_group094	ScTjWWh_2816-HRSCAF-4438	1466	726378404
scaffold_group094	ScTjWWh_2817-HRSCAF-4439	1294	726379698
scaffold_group094	ScTjWWh_2818-HRSCAF-4441	1008	726380706
scaffold_group094	ScTjWWh_2819-HRSCAF-4444	1460	726382166
scaffold_group094	ScTjWWh_2820-HRSCAF-4445	1129	726383295
scaffold_group094	ScTjWWh_2821-HRSCAF-4446	3485	726386780
scaffold_group094	ScTjWWh_2822-HRSCAF-4447	1303	726388083
scaffold_group094	ScTjWWh_2823-HRSCAF-4448	1280	726389363
scaffold_group094	ScTjWWh_2824-HRSCAF-4450	1499	726390862
scaffold_group094	ScTjWWh_2825-HRSCAF-4451	2164	726393026
scaffold_group094	ScTjWWh_2826-HRSCAF-4452	3188	726396214
scaffold_group094	ScTjWWh_2827-HRSCAF-4453	1442	726397656
scaffold_group094	ScTjWWh_2828-HRSCAF-4454	1979	726399635
scaffold_group094	ScTjWWh_2829-HRSCAF-4456	1100	726400735
scaffold_group094	ScTjWWh_2830-HRSCAF-4458	1127	726401862
scaffold_group094	ScTjWWh_2831-HRSCAF-4459	1954	726403816
scaffold_group094	ScTjWWh_2832-HRSCAF-4460	1243	726405059
scaffold_group094	ScTjWWh_2833-HRSCAF-4461	4286	726409345
scaffold_group094	ScTjWWh_2834-HRSCAF-4462	1649	726410994
scaffold_group094	ScTjWWh_2835-HRSCAF-4463	1537	726412531
scaffold_group094	ScTjWWh_2836-HRSCAF-4464	1269	726413800
scaffold_group095	ScTjWWh_2837-HRSCAF-4465	1012	726414812
scaffold_group095	ScTjWWh_2839-HRSCAF-4470	1029	740070581
scaffold_group095	ScTjWWh_2840-HRSCAF-4471	1055	740071636
scaffold_group095	ScTjWWh_2841-HRSCAF-4472	2188	740073824
scaffold_group095	ScTjWWh_2842-HRSCAF-4473	1929	740075753
scaffold_group095	ScTjWWh_2843-HRSCAF-4475	1090	740076843
scaffold_group095	ScTjWWh_2844-HRSCAF-4476	2027	740078870
scaffold_group095	ScTjWWh_2845-HRSCAF-4478	6277	740085147
scaffold_group095	ScTjWWh_2846-HRSCAF-4479	1190	740086337
scaffold_group095	ScTjWWh_2847-HRSCAF-4482	1102	740087439
scaffold_group095	ScTjWWh_2848-HRSCAF-4483	11253	740098692
scaffold_group095	ScTjWWh_2849-HRSCAF-4484	1302	740099994
scaffold_group095	ScTjWWh_2850-HRSCAF-4488	1107	740101101
scaffold_group095	ScTjWWh_2851-HRSCAF-4489	1037	740102138
scaffold_group095	ScTjWWh_2852-HRSCAF-4490	1534	740103672
scaffold_group095	ScTjWWh_2853-HRSCAF-4492	1233	740104905
scaffold_group095	ScTjWWh_2854-HRSCAF-4493	1097	740106002
scaffold_group095	ScTjWWh_2855-HRSCAF-4497	1494	740107496
scaffold_group095	ScTjWWh_2856-HRSCAF-4500	2114	740109610
scaffold_group095	ScTjWWh_2857-HRSCAF-4501	2533	740112143
scaffold_group095	ScTjWWh_2858-HRSCAF-4502	3639	740115782
scaffold_group095	ScTjWWh_2859-HRSCAF-4503	1995	740117777
scaffold_group095	ScTjWWh_2860-HRSCAF-4504	2660	740120437
scaffold_group095	ScTjWWh_2861-HRSCAF-4505	1821	740122258
scaffold_group095	ScTjWWh_2862-HRSCAF-4508	1298	740123556
scaffold_group095	ScTjWWh_2863-HRSCAF-4509	2043	740125599
scaffold_group095	ScTjWWh_2864-HRSCAF-4511	1183	740126782
scaffold_group095	ScTjWWh_2865-HRSCAF-4512	1606	740128388
scaffold_group095	ScTjWWh_2866-HRSCAF-4513	1451	740129839
scaffold_group095	ScTjWWh_2867-HRSCAF-4514	3994	740133833
scaffold_group096	ScTjWWh_2868-HRSCAF-4515	1714	740135547
scaffold_group096	ScTjWWh_2869-HRSCAF-4517	1287	740136834
scaffold_group096	ScTjWWh_2870-HRSCAF-4518	1753	740138587
scaffold_group096	ScTjWWh_2871-HRSCAF-4520	1287	740139874
scaffold_group096	ScTjWWh_2872-HRSCAF-4521	1157	740141031
scaffold_group096	ScTjWWh_2873-HRSCAF-4526	1623	740142654
scaffold_group096	ScTjWWh_2874-HRSCAF-4528	1567	740144221
scaffold_group096	ScTjWWh_2875-HRSCAF-4530	1318	740145539
scaffold_group096	ScTjWWh_2876-HRSCAF-4531	2966	740148505
scaffold_group096	ScTjWWh_2877-HRSCAF-4533	1343	740149848
scaffold_group096	ScTjWWh_2878-HRSCAF-4534	4249	740154097
scaffold_group096	ScTjWWh_2879-HRSCAF-4536	1072	740155169
scaffold_group096	ScTjWWh_2880-HRSCAF-4540	3427	740158596
scaffold_group096	ScTjWWh_2881-HRSCAF-4542	1227	740159823
scaffold_group096	ScTjWWh_2882-HRSCAF-4543	1026	740160849
scaffold_group096	ScTjWWh_2883-HRSCAF-4545	2275	740163124
scaffold_group096	ScTjWWh_2884-HRSCAF-4546	1453	740164577
scaffold_group096	ScTjWWh_2885-HRSCAF-4547	1300	740165877
scaffold_group096	ScTjWWh_2886-HRSCAF-4548	1159	740167036
scaffold_group096	ScTjWWh_2887-HRSCAF-4549	4111	740171147
scaffold_group096	ScTjWWh_2888-HRSCAF-4550	2775	740173922
scaffold_group096	ScTjWWh_2889-HRSCAF-4551	4097	740178019
scaffold_group096	ScTjWWh_2890-HRSCAF-4553	2834	740180853
scaffold_group096	ScTjWWh_2891-HRSCAF-4554	2337	740183190
scaffold_group096	ScTjWWh_2892-HRSCAF-4555	3005	740186195
scaffold_group096	ScTjWWh_2893-HRSCAF-4556	1383	740187578
scaffold_group096	ScTjWWh_2894-HRSCAF-4557	1644	740189222
scaffold_group096	ScTjWWh_2895-HRSCAF-4558	1210	740190432
scaffold_group096	ScTjWWh_2896-HRSCAF-4560	1830	740192262
scaffold_group096	ScTjWWh_2897-HRSCAF-4561	1274	740193536
scaffold_group097	ScTjWWh_2898-HRSCAF-4562	3295	740196831
scaffold_group097	ScTjWWh_2899-HRSCAF-4564	1324	740198155
scaffold_group097	ScTjWWh_2900-HRSCAF-4565	2529	740200684
scaffold_group097	ScTjWWh_2901-HRSCAF-4566	1229	740201913
scaffold_group097	ScTjWWh_2902-HRSCAF-4567	5117	740207030
scaffold_group097	ScTjWWh_2903-HRSCAF-4568	1828	740208858
scaffold_group097	ScTjWWh_2904-HRSCAF-4569	2222	740211080
scaffold_group097	ScTjWWh_2905-HRSCAF-4570	1378	740212458
scaffold_group097	ScTjWWh_2906-HRSCAF-4571	1467	740213925
scaffold_group097	ScTjWWh_2907-HRSCAF-4572	1488	740215413
scaffold_group097	ScTjWWh_2908-HRSCAF-4573	1358	740216771
scaffold_group097	ScTjWWh_2909-HRSCAF-4574	1527	740218298
scaffold_group097	ScTjWWh_2910-HRSCAF-4575	2602	740220900
scaffold_group097	ScTjWWh_2911-HRSCAF-4579	1112	740222012
scaffold_group097	ScTjWWh_2912-HRSCAF-4580	1751	740223763
scaffold_group097	ScTjWWh_2913-HRSCAF-4581	1480	740225243
scaffold_group097	ScTjWWh_2914-HRSCAF-4583	1022	740226265
scaffold_group097	ScTjWWh_2915-HRSCAF-4584	2039	740228304
scaffold_group097	ScTjWWh_2916-HRSCAF-4587	4902	740233206
scaffold_group097	ScTjWWh_2917-HRSCAF-4589	1218	740234424
scaffold_group097	ScTjWWh_2918-HRSCAF-4590	9284	740243708
scaffold_group097	ScTjWWh_2919-HRSCAF-4592	1462	740245170
scaffold_group097	ScTjWWh_2920-HRSCAF-4595	1160	740246330
scaffold_group097	ScTjWWh_2921-HRSCAF-4596	3198	740249528
scaffold_group097	ScTjWWh_2922-HRSCAF-4597	1247	740250775
scaffold_group097	ScTjWWh_2923-HRSCAF-4598	2715	740253490
scaffold_group097	ScTjWWh_2924-HRSCAF-4599	1306	740254796
scaffold_group097	ScTjWWh_2925-HRSCAF-4601	1263	740256059
scaffold_group097	ScTjWWh_2926-HRSCAF-4603	1511	740257570
scaffold_group097	ScTjWWh_2927-HRSCAF-4604	1100	740258670
scaffold_group098	ScTjWWh_2928-HRSCAF-4605	1170	740259840
scaffold_group098	ScTjWWh_2929-HRSCAF-4606	1095	740260935
scaffold_group098	ScTjWWh_2930-HRSCAF-4608	1092	740262027
scaffold_group098	ScTjWWh_2931-HRSCAF-4610	1058	740263085
scaffold_group098	ScTjWWh_2932-HRSCAF-4611	1637	740264722
scaffold_group098	ScTjWWh_2933-HRSCAF-4612	1735	740266457
scaffold_group098	ScTjWWh_2934-HRSCAF-4613	1020	740267477
scaffold_group098	ScTjWWh_2935-HRSCAF-4614	1949	740269426
scaffold_group098	ScTjWWh_2936-HRSCAF-4615	1435	740270861
scaffold_group098	ScTjWWh_2937-HRSCAF-4616	2264	740273125
scaffold_group098	ScTjWWh_2938-HRSCAF-4617	1004	740274129
scaffold_group098	ScTjWWh_2939-HRSCAF-4618	3033	740277162
scaffold_group098	ScTjWWh_2940-HRSCAF-4619	1076	740278238
scaffold_group098	ScTjWWh_2941-HRSCAF-4620	1095	740279333
scaffold_group098	ScTjWWh_2942-HRSCAF-4621	1060	740280393
scaffold_group098	ScTjWWh_2943-HRSCAF-4622	1120	740281513
scaffold_group098	ScTjWWh_2944-HRSCAF-4623	1512	740283025
scaffold_group098	ScTjWWh_2945-HRSCAF-4625	1133	740284158
scaffold_group098	ScTjWWh_2946-HRSCAF-4626	3294	740287452
scaffold_group098	ScTjWWh_2947-HRSCAF-4629	2783	740290235
scaffold_group098	ScTjWWh_2948-HRSCAF-4630	2341	740292576
scaffold_group098	ScTjWWh_2949-HRSCAF-4631	1405	740293981
scaffold_group098	ScTjWWh_2951-HRSCAF-4637	2668	775937646
scaffold_group098	ScTjWWh_2952-HRSCAF-4638	1860	775939506
scaffold_group098	ScTjWWh_2953-HRSCAF-4639	1232	775940738
scaffold_group098	ScTjWWh_2954-HRSCAF-4641	1087	775941825
scaffold_group098	ScTjWWh_2955-HRSCAF-4642	1063	775942888
scaffold_group098	ScTjWWh_2956-HRSCAF-4643	1259	775944147
scaffold_group098	ScTjWWh_2957-HRSCAF-4644	1210	775945357
scaffold_group098	ScTjWWh_2958-HRSCAF-4645	3502	775948859
scaffold_group099	ScTjWWh_2959-HRSCAF-4647	1077	775949936
scaffold_group099	ScTjWWh_2960-HRSCAF-4648	1948	775951884
scaffold_group099	ScTjWWh_2961-HRSCAF-4649	1362	775953246
scaffold_group099	ScTjWWh_2962-HRSCAF-4650	2128	775955374
scaffold_group099	ScTjWWh_2963-HRSCAF-4651	1366	775956740
scaffold_group099	ScTjWWh_2964-HRSCAF-4652	1390	775958130
scaffold_group099	ScTjWWh_2965-HRSCAF-4653	1211	775959341
scaffold_group099	ScTjWWh_2966-HRSCAF-4654	3327	775962668
scaffold_group099	ScTjWWh_2967-HRSCAF-4657	1032	775963700
scaffold_group099	ScTjWWh_2968-HRSCAF-4658	3293	775966993
scaffold_group099	ScTjWWh_2969-HRSCAF-4659	1346	775968339
scaffold_group099	ScTjWWh_2970-HRSCAF-4660	2683	775971022
scaffold_group099	ScTjWWh_2971-HRSCAF-4661	1337	775972359
scaffold_group099	ScTjWWh_2972-HRSCAF-4662	1634	775973993
scaffold_group099	ScTjWWh_2973-HRSCAF-4664	5269	775979262
scaffold_group099	ScTjWWh_2974-HRSCAF-4666	1251	775980513
scaffold_group099	ScTjWWh_2975-HRSCAF-4668	1559	775982072
scaffold_group099	ScTjWWh_2976-HRSCAF-4669	1167	775983239
scaffold_group099	ScTjWWh_2977-HRSCAF-4670	1654	775984893
scaffold_group099	ScTjWWh_2978-HRSCAF-4671	1358	775986251
scaffold_group099	ScTjWWh_2979-HRSCAF-4673	1216	775987467
scaffold_group099	ScTjWWh_2980-HRSCAF-4674	2280	775989747
scaffold_group099	ScTjWWh_2981-HRSCAF-4675	1108	775990855
scaffold_group099	ScTjWWh_2982-HRSCAF-4676	1228	775992083
scaffold_group099	ScTjWWh_2983-HRSCAF-4678	1066	775993149
scaffold_group099	ScTjWWh_2984-HRSCAF-4679	1428	775994577
scaffold_group099	ScTjWWh_2985-HRSCAF-4682	1065	775995642
scaffold_group099	ScTjWWh_2986-HRSCAF-4683	1123	775996765
scaffold_group099	ScTjWWh_2987-HRSCAF-4686	1114	775997879
scaffold_group099	ScTjWWh_2988-HRSCAF-4687	1160	775999039
scaffold_group100	ScTjWWh_2989-HRSCAF-4688	1280	776000319
scaffold_group100	ScTjWWh_2990-HRSCAF-4689	2872	776003191
scaffold_group100	ScTjWWh_2991-HRSCAF-4690	1146	776004337
scaffold_group100	ScTjWWh_2992-HRSCAF-4691	1189	776005526
scaffold_group100	ScTjWWh_2993-HRSCAF-4692	4697	776010223
scaffold_group100	ScTjWWh_2994-HRSCAF-4693	1052	776011275
scaffold_group100	ScTjWWh_2995-HRSCAF-4694	2001	776013276
scaffold_group100	ScTjWWh_2996-HRSCAF-4695	1125	776014401
scaffold_group100	ScTjWWh_2997-HRSCAF-4696	1367	776015768
scaffold_group100	ScTjWWh_2998-HRSCAF-4698	1835	776017603
scaffold_group100	ScTjWWh_2999-HRSCAF-4699	1162	776018765
scaffold_group100	ScTjWWh_3000-HRSCAF-4701	3843	776022608
scaffold_group100	ScTjWWh_3001-HRSCAF-4702	1479	776024087
scaffold_group100	ScTjWWh_3002-HRSCAF-4704	1137	776025224
scaffold_group100	ScTjWWh_3003-HRSCAF-4705	1510	776026734
scaffold_group100	ScTjWWh_3004-HRSCAF-4708	1461	776028195
scaffold_group100	ScTjWWh_3005-HRSCAF-4709	1444	776029639
scaffold_group100	ScTjWWh_3006-HRSCAF-4710	1110	776030749
scaffold_group100	ScTjWWh_3007-HRSCAF-4712	1005	776031754
scaffold_group100	ScTjWWh_3008-HRSCAF-4713	3496	776035250
scaffold_group100	ScTjWWh_3009-HRSCAF-4714	1402	776036652
scaffold_group100	ScTjWWh_3010-HRSCAF-4715	1173	776037825
scaffold_group100	ScTjWWh_3011-HRSCAF-4716	2238	776040063
scaffold_group100	ScTjWWh_3012-HRSCAF-4717	1695	776041758
scaffold_group100	ScTjWWh_3013-HRSCAF-4718	1466	776043224
scaffold_group100	ScTjWWh_3014-HRSCAF-4721	1351	776044575
scaffold_group100	ScTjWWh_3015-HRSCAF-4723	1090	776045665
scaffold_group100	ScTjWWh_3016-HRSCAF-4725	1194	776046859
scaffold_group100	ScTjWWh_3017-HRSCAF-4726	2427	776049286
scaffold_group100	ScTjWWh_3018-HRSCAF-4727	2417	776051703
scaffold_group101	ScTjWWh_3019-HRSCAF-4728	3738	776055441
scaffold_group101	ScTjWWh_3020-HRSCAF-4729	1422	776056863
scaffold_group101	ScTjWWh_3021-HRSCAF-4730	1199	776058062
scaffold_group101	ScTjWWh_3022-HRSCAF-4731	2860	776060922
scaffold_group101	ScTjWWh_3023-HRSCAF-4733	1219	776062141
scaffold_group101	ScTjWWh_3024-HRSCAF-4734	2144	776064285
scaffold_group101	ScTjWWh_3025-HRSCAF-4736	17492	776081777
scaffold_group101	ScTjWWh_3026-HRSCAF-4738	1627	776083404
scaffold_group101	ScTjWWh_3027-HRSCAF-4741	1940	776085344
scaffold_group101	ScTjWWh_3028-HRSCAF-4744	1685	776087029
scaffold_group101	ScTjWWh_3029-HRSCAF-4748	1518	776088547
scaffold_group101	ScTjWWh_3030-HRSCAF-4749	2803	776091350
scaffold_group101	ScTjWWh_3031-HRSCAF-4751	1424	776092774
scaffold_group101	ScTjWWh_3032-HRSCAF-4752	3461	776096235
scaffold_group101	ScTjWWh_3033-HRSCAF-4756	1041	776097276
scaffold_group101	ScTjWWh_3034-HRSCAF-4757	1465	776098741
scaffold_group101	ScTjWWh_3035-HRSCAF-4758	1660	776100401
scaffold_group101	ScTjWWh_3036-HRSCAF-4760	1722	776102123
scaffold_group101	ScTjWWh_3037-HRSCAF-4761	9172	776111295
scaffold_group101	ScTjWWh_3038-HRSCAF-4762	1087	776112382
scaffold_group101	ScTjWWh_3039-HRSCAF-4764	2144	776114526
scaffold_group101	ScTjWWh_3040-HRSCAF-4766	2012	776116538
scaffold_group101	ScTjWWh_3041-HRSCAF-4767	1998	776118536
scaffold_group101	ScTjWWh_3042-HRSCAF-4769	1798	776120334
scaffold_group101	ScTjWWh_3043-HRSCAF-4772	1006	776121340
scaffold_group101	ScTjWWh_3044-HRSCAF-4773	7729	776129069
scaffold_group101	ScTjWWh_3045-HRSCAF-4774	4001	776133070
scaffold_group101	ScTjWWh_3046-HRSCAF-4775	4455	776137525
scaffold_group101	ScTjWWh_3047-HRSCAF-4776	1624	776139149
scaffold_group101	ScTjWWh_3048-HRSCAF-4778	1217	776140366
scaffold_group102	ScTjWWh_3049-HRSCAF-4780	2082	776142448
scaffold_group102	ScTjWWh_3050-HRSCAF-4781	1033	776143481
scaffold_group102	ScTjWWh_3051-HRSCAF-4782	1130	776144611
scaffold_group102	ScTjWWh_3052-HRSCAF-4783	1354	776145965
scaffold_group102	ScTjWWh_3053-HRSCAF-4784	1229	776147194
scaffold_group102	ScTjWWh_3054-HRSCAF-4785	1511	776148705
scaffold_group102	ScTjWWh_3055-HRSCAF-4786	2438	776151143
scaffold_group102	ScTjWWh_3056-HRSCAF-4787	1417	776152560
scaffold_group102	ScTjWWh_3057-HRSCAF-4788	3169	776155729
scaffold_group102	ScTjWWh_3058-HRSCAF-4790	2024	776157753
scaffold_group102	ScTjWWh_3059-HRSCAF-4791	1980	776159733
scaffold_group102	ScTjWWh_3060-HRSCAF-4792	2057	776161790
scaffold_group102	ScTjWWh_3061-HRSCAF-4795	2329	776164119
scaffold_group102	ScTjWWh_3062-HRSCAF-4796	1346	776165465
scaffold_group102	ScTjWWh_3063-HRSCAF-4797	1325	776166790
scaffold_group102	ScTjWWh_3064-HRSCAF-4799	4359	776171149
scaffold_group102	ScTjWWh_3065-HRSCAF-4801	1175	776172324
scaffold_group102	ScTjWWh_3066-HRSCAF-4802	2605	776174929
scaffold_group102	ScTjWWh_3067-HRSCAF-4803	1203	776176132
scaffold_group102	ScTjWWh_3068-HRSCAF-4804	1021	776177153
scaffold_group102	ScTjWWh_3069-HRSCAF-4805	1759	776178912
scaffold_group102	ScTjWWh_3070-HRSCAF-4806	1219	776180131
scaffold_group102	ScTjWWh_3071-HRSCAF-4807	1304	776181435
scaffold_group102	ScTjWWh_3072-HRSCAF-4808	3125	776184560
scaffold_group102	ScTjWWh_3073-HRSCAF-4809	1112	776185672
scaffold_group102	ScTjWWh_3074-HRSCAF-4810	1071	776186743
scaffold_group102	ScTjWWh_3075-HRSCAF-4811	1678	776188421
scaffold_group102	ScTjWWh_3076-HRSCAF-4812	1429	776189850
scaffold_group102	ScTjWWh_3077-HRSCAF-4813	1285	776191135
scaffold_group102	ScTjWWh_3078-HRSCAF-4817	1188	776192323
scaffold_group103	ScTjWWh_3079-HRSCAF-4818	1819	776194142
scaffold_group103	ScTjWWh_3080-HRSCAF-4819	7638	776201780
scaffold_group103	ScTjWWh_3081-HRSCAF-4822	1133	776202913
scaffold_group103	ScTjWWh_3082-HRSCAF-4824	4659	776207572
scaffold_group103	ScTjWWh_3083-HRSCAF-4825	1541	776209113
scaffold_group103	ScTjWWh_3084-HRSCAF-4826	6521	776215634
scaffold_group103	ScTjWWh_3085-HRSCAF-4828	3083	776218717
scaffold_group103	ScTjWWh_3086-HRSCAF-4829	1226	776219943
scaffold_group103	ScTjWWh_3087-HRSCAF-4832	2585	776222528
scaffold_group103	ScTjWWh_3088-HRSCAF-4834	3115	776225643
scaffold_group103	ScTjWWh_3089-HRSCAF-4836	1024	776226667
scaffold_group103	ScTjWWh_3090-HRSCAF-4837	1210	776227877
scaffold_group103	ScTjWWh_3091-HRSCAF-4838	6022	776233899
scaffold_group103	ScTjWWh_3092-HRSCAF-4842	1818	776235717
scaffold_group103	ScTjWWh_3093-HRSCAF-4843	1866	776237583
scaffold_group103	ScTjWWh_3094-HRSCAF-4844	1160	776238743
scaffold_group103	ScTjWWh_3095-HRSCAF-4845	1628	776240371
scaffold_group103	ScTjWWh_3096-HRSCAF-4848	1271	776241642
scaffold_group103	ScTjWWh_3097-HRSCAF-4852	2652	776244294
scaffold_group103	ScTjWWh_3098-HRSCAF-4853	1081	776245375
scaffold_group103	ScTjWWh_3099-HRSCAF-4855	2969	776248344
scaffold_group103	ScTjWWh_3100-HRSCAF-4856	1501	776249845
scaffold_group103	ScTjWWh_3101-HRSCAF-4857	6874	776256719
scaffold_group103	ScTjWWh_3102-HRSCAF-4858	1169	776257888
scaffold_group103	ScTjWWh_3103-HRSCAF-4860	1107	776258995
scaffold_group103	ScTjWWh_3104-HRSCAF-4863	1026	776260021
scaffold_group103	ScTjWWh_3105-HRSCAF-4867	1500	776261521
scaffold_group103	ScTjWWh_3106-HRSCAF-4869	1312	776262833
scaffold_group103	ScTjWWh_3107-HRSCAF-4870	3661	776266494
scaffold_group103	ScTjWWh_3108-HRSCAF-4872	3119	776269613
scaffold_group104	ScTjWWh_3109-HRSCAF-4873	1892	776271505
scaffold_group104	ScTjWWh_3110-HRSCAF-4874	1142	776272647
scaffold_group104	ScTjWWh_3111-HRSCAF-4875	1495	776274142
scaffold_group104	ScTjWWh_3112-HRSCAF-4876	1444	776275586
scaffold_group104	ScTjWWh_3113-HRSCAF-4877	3055	776278641
scaffold_group104	ScTjWWh_3114-HRSCAF-4879	1464	776280105
scaffold_group104	ScTjWWh_3115-HRSCAF-4880	2681	776282786
scaffold_group104	ScTjWWh_3116-HRSCAF-4882	2585	776285371
scaffold_group104	ScTjWWh_3117-HRSCAF-4883	1048	776286419
scaffold_group104	ScTjWWh_3118-HRSCAF-4885	1470	776287889
scaffold_group104	ScTjWWh_3119-HRSCAF-4886	1267	776289156
scaffold_group104	ScTjWWh_3120-HRSCAF-4887	1684	776290840
scaffold_group104	ScTjWWh_3121-HRSCAF-4888	2638	776293478
scaffold_group104	ScTjWWh_3122-HRSCAF-4889	1574	776295052
scaffold_group104	ScTjWWh_3123-HRSCAF-4890	2808	776297860
scaffold_group104	ScTjWWh_3124-HRSCAF-4892	1027	776298887
scaffold_group104	ScTjWWh_3125-HRSCAF-4894	1398	776300285
scaffold_group104	ScTjWWh_3126-HRSCAF-4895	1563	776301848
scaffold_group104	ScTjWWh_3127-HRSCAF-4897	1406	776303254
scaffold_group104	ScTjWWh_3128-HRSCAF-4898	2716	776305970
scaffold_group104	ScTjWWh_3129-HRSCAF-4902	1058	776307028
scaffold_group104	ScTjWWh_3130-HRSCAF-4904	1281	776308309
scaffold_group104	ScTjWWh_3131-HRSCAF-4905	2672	776310981
scaffold_group104	ScTjWWh_3132-HRSCAF-4906	1070	776312051
scaffold_group104	ScTjWWh_3133-HRSCAF-4907	2247	776314298
scaffold_group104	ScTjWWh_3134-HRSCAF-4908	1852	776316150
scaffold_group104	ScTjWWh_3135-HRSCAF-4909	1751	776317901
scaffold_group104	ScTjWWh_3136-HRSCAF-4910	1495	776319396
scaffold_group104	ScTjWWh_3137-HRSCAF-4911	1399	776320795
scaffold_group104	ScTjWWh_3138-HRSCAF-4913	2985	776323780
scaffold_group105	ScTjWWh_3139-HRSCAF-4914	1347	776325127
scaffold_group105	ScTjWWh_3140-HRSCAF-4916	1550	776326677
scaffold_group105	ScTjWWh_3141-HRSCAF-4917	1109	776327786
scaffold_group105	ScTjWWh_3142-HRSCAF-4922	5050	776332836
scaffold_group105	ScTjWWh_3143-HRSCAF-4923	1198	776334034
scaffold_group105	ScTjWWh_3144-HRSCAF-4927	1054	776335088
scaffold_group105	ScTjWWh_3145-HRSCAF-4931	1411	776336499
scaffold_group105	ScTjWWh_3146-HRSCAF-4932	1941	776338440
scaffold_group105	ScTjWWh_3147-HRSCAF-4933	1551	776339991
scaffold_group105	ScTjWWh_3148-HRSCAF-4934	1189	776341180
scaffold_group105	ScTjWWh_3149-HRSCAF-4937	2875	776344055
scaffold_group105	ScTjWWh_3150-HRSCAF-4939	1146	776345201
scaffold_group105	ScTjWWh_3151-HRSCAF-4940	1008	776346209
scaffold_group105	ScTjWWh_3152-HRSCAF-4942	1533	776347742
scaffold_group105	ScTjWWh_3153-HRSCAF-4943	1768	776349510
scaffold_group105	ScTjWWh_3154-HRSCAF-4944	1373	776350883
scaffold_group105	ScTjWWh_3155-HRSCAF-4945	1877	776352760
scaffold_group105	ScTjWWh_3156-HRSCAF-4946	1038	776353798
scaffold_group105	ScTjWWh_3157-HRSCAF-4947	1268	776355066
scaffold_group105	ScTjWWh_3158-HRSCAF-4948	1429	776356495
scaffold_group105	ScTjWWh_3159-HRSCAF-4949	1530	776358025
scaffold_group105	ScTjWWh_3160-HRSCAF-4950	1970	776359995
scaffold_group105	ScTjWWh_3161-HRSCAF-4951	3189	776363184
scaffold_group105	ScTjWWh_3162-HRSCAF-4953	1722	776364906
scaffold_group105	ScTjWWh_3163-HRSCAF-4954	1205	776366111
scaffold_group105	ScTjWWh_3164-HRSCAF-4956	1189	776367300
scaffold_group105	ScTjWWh_3165-HRSCAF-4957	1013	776368313
scaffold_group105	ScTjWWh_3166-HRSCAF-4958	1252	776369565
scaffold_group105	ScTjWWh_3167-HRSCAF-4959	1237	776370802
scaffold_group105	ScTjWWh_3168-HRSCAF-4961	2017	776372819
scaffold_group106	ScTjWWh_3169-HRSCAF-4962	2097	776374916
scaffold_group106	ScTjWWh_3170-HRSCAF-4963	1916	776376832
scaffold_group106	ScTjWWh_3171-HRSCAF-4964	1808	776378640
scaffold_group106	ScTjWWh_3172-HRSCAF-4966	1083	776379723
scaffold_group106	ScTjWWh_3173-HRSCAF-4967	1187	776380910
scaffold_group106	ScTjWWh_3174-HRSCAF-4969	3019	776383929
scaffold_group106	ScTjWWh_3175-HRSCAF-4970	1214	776385143
scaffold_group106	ScTjWWh_3176-HRSCAF-4971	1219	776386362
scaffold_group106	ScTjWWh_3177-HRSCAF-4972	16881	776403243
scaffold_group106	ScTjWWh_3178-HRSCAF-4973	1205	776404448
scaffold_group106	ScTjWWh_3179-HRSCAF-4975	5647	776410095
scaffold_group106	ScTjWWh_3180-HRSCAF-4976	2120	776412215
scaffold_group106	ScTjWWh_3181-HRSCAF-4978	1407	776413622
scaffold_group106	ScTjWWh_3182-HRSCAF-4979	3531	776417153
scaffold_group106	ScTjWWh_3183-HRSCAF-4983	19225	776436378
scaffold_group106	ScTjWWh_3184-HRSCAF-4984	1808	776438186
scaffold_group106	ScTjWWh_3185-HRSCAF-4985	1147	776439333
scaffold_group106	ScTjWWh_3186-HRSCAF-4986	1124	776440457
scaffold_group106	ScTjWWh_3187-HRSCAF-4987	1039	776441496
scaffold_group106	ScTjWWh_3188-HRSCAF-4991	1001	776442497
scaffold_group106	ScTjWWh_3189-HRSCAF-4992	1877	776444374
scaffold_group106	ScTjWWh_3190-HRSCAF-4995	1395	776445769
scaffold_group106	ScTjWWh_3191-HRSCAF-4996	1827	776447596
scaffold_group106	ScTjWWh_3192-HRSCAF-4997	1215	776448811
scaffold_group106	ScTjWWh_3193-HRSCAF-4998	1765	776450576
scaffold_group106	ScTjWWh_3194-HRSCAF-4999	2985	776453561
scaffold_group106	ScTjWWh_3195-HRSCAF-5000	2274	776455835
scaffold_group106	ScTjWWh_3196-HRSCAF-5001	1578	776457413
scaffold_group106	ScTjWWh_3197-HRSCAF-5002	1143	776458556
scaffold_group106	ScTjWWh_3198-HRSCAF-5003	1300	776459856
scaffold_group107	ScTjWWh_3199-HRSCAF-5006	1203	776461059
scaffold_group107	ScTjWWh_3200-HRSCAF-5008	1800	776462859
scaffold_group107	ScTjWWh_3201-HRSCAF-5009	1231	776464090
scaffold_group107	ScTjWWh_3202-HRSCAF-5010	1602	776465692
scaffold_group107	ScTjWWh_3203-HRSCAF-5011	1177	776466869
scaffold_group107	ScTjWWh_3204-HRSCAF-5013	2046	776468915
scaffold_group107	ScTjWWh_3205-HRSCAF-5014	3982	776472897
scaffold_group107	ScTjWWh_3206-HRSCAF-5016	1453	776474350
scaffold_group107	ScTjWWh_3207-HRSCAF-5018	1277	776475627
scaffold_group107	ScTjWWh_3208-HRSCAF-5019	1154	776476781
scaffold_group107	ScTjWWh_3209-HRSCAF-5020	1714	776478495
scaffold_group107	ScTjWWh_3210-HRSCAF-5021	3509	776482004
scaffold_group107	ScTjWWh_3211-HRSCAF-5022	1605	776483609
scaffold_group107	ScTjWWh_3212-HRSCAF-5023	1293	776484902
scaffold_group107	ScTjWWh_3213-HRSCAF-5024	1908	776486810
scaffold_group107	ScTjWWh_3214-HRSCAF-5027	1082	776487892
scaffold_group107	ScTjWWh_3215-HRSCAF-5029	1114	776489006
scaffold_group107	ScTjWWh_3216-HRSCAF-5031	1362	776490368
scaffold_group107	ScTjWWh_3217-HRSCAF-5032	2662	776493030
scaffold_group107	ScTjWWh_3218-HRSCAF-5033	1168	776494198
scaffold_group107	ScTjWWh_3219-HRSCAF-5039	2418	776496616
scaffold_group107	ScTjWWh_3220-HRSCAF-5042	2203	776498819
scaffold_group107	ScTjWWh_3221-HRSCAF-5043	2437	776501256
scaffold_group107	ScTjWWh_3222-HRSCAF-5044	1102	776502358
scaffold_group107	ScTjWWh_3223-HRSCAF-5046	1228	776503586
scaffold_group107	ScTjWWh_3224-HRSCAF-5047	1102	776504688
scaffold_group107	ScTjWWh_3225-HRSCAF-5048	1309	776505997
scaffold_group107	ScTjWWh_3226-HRSCAF-5049	1222	776507219
scaffold_group107	ScTjWWh_3227-HRSCAF-5050	1047	776508266
scaffold_group107	ScTjWWh_3228-HRSCAF-5051	1126	776509392
scaffold_group108	ScTjWWh_3229-HRSCAF-5054	1414	776510806
scaffold_group108	ScTjWWh_3230-HRSCAF-5055	2035	776512841
scaffold_group108	ScTjWWh_3231-HRSCAF-5056	1046	776513887
scaffold_group108	ScTjWWh_3232-HRSCAF-5057	2158	776516045
scaffold_group108	ScTjWWh_3233-HRSCAF-5059	1248	776517293
scaffold_group108	ScTjWWh_3234-HRSCAF-5060	1004	776518297
scaffold_group108	ScTjWWh_3235-HRSCAF-5063	1426	776519723
scaffold_group108	ScTjWWh_3236-HRSCAF-5064	1313	776521036
scaffold_group108	ScTjWWh_3237-HRSCAF-5065	2883	776523919
scaffold_group108	ScTjWWh_3238-HRSCAF-5067	2802	776526721
scaffold_group108	ScTjWWh_3239-HRSCAF-5070	1936	776528657
scaffold_group108	ScTjWWh_3240-HRSCAF-5072	1272	776529929
scaffold_group108	ScTjWWh_3241-HRSCAF-5073	3830	776533759
scaffold_group108	ScTjWWh_3242-HRSCAF-5074	2570	776536329
scaffold_group108	ScTjWWh_3243-HRSCAF-5078	3792	776540121
scaffold_group108	ScTjWWh_3244-HRSCAF-5080	1380	776541501
scaffold_group108	ScTjWWh_3245-HRSCAF-5081	3285	776544786
scaffold_group108	ScTjWWh_3246-HRSCAF-5082	1279	776546065
scaffold_group108	ScTjWWh_3247-HRSCAF-5084	1959	776548024
scaffold_group108	ScTjWWh_3248-HRSCAF-5085	1094	776549118
scaffold_group108	ScTjWWh_3249-HRSCAF-5086	2399	776551517
scaffold_group108	ScTjWWh_3250-HRSCAF-5087	5572	776557089
scaffold_group108	ScTjWWh_3251-HRSCAF-5088	2354	776559443
scaffold_group108	ScTjWWh_3252-HRSCAF-5089	1088	776560531
scaffold_group108	ScTjWWh_3253-HRSCAF-5090	2672	776563203
scaffold_group108	ScTjWWh_3254-HRSCAF-5094	1782	776564985
scaffold_group108	ScTjWWh_3255-HRSCAF-5096	1056	776566041
scaffold_group108	ScTjWWh_3256-HRSCAF-5097	1204	776567245
scaffold_group108	ScTjWWh_3257-HRSCAF-5098	3039	776570284
scaffold_group108	ScTjWWh_3258-HRSCAF-5099	1844	776572128
scaffold_group109	ScTjWWh_3259-HRSCAF-5100	1286	776573414
scaffold_group109	ScTjWWh_3260-HRSCAF-5101	1328	776574742
scaffold_group109	ScTjWWh_3261-HRSCAF-5105	2703	776577445
scaffold_group109	ScTjWWh_3262-HRSCAF-5106	2347	776579792
scaffold_group109	ScTjWWh_3263-HRSCAF-5108	2215	776582007
scaffold_group109	ScTjWWh_3264-HRSCAF-5110	1043	776583050
scaffold_group109	ScTjWWh_3265-HRSCAF-5111	3192	776586242
scaffold_group109	ScTjWWh_3266-HRSCAF-5113	1519	776587761
scaffold_group109	ScTjWWh_3267-HRSCAF-5114	1389	776589150
scaffold_group109	ScTjWWh_3268-HRSCAF-5115	1185	776590335
scaffold_group109	ScTjWWh_3269-HRSCAF-5116	2171	776592506
scaffold_group109	ScTjWWh_3270-HRSCAF-5118	1171	776593677
scaffold_group109	ScTjWWh_3271-HRSCAF-5119	1499	776595176
scaffold_group109	ScTjWWh_3272-HRSCAF-5123	1330	776596506
scaffold_group109	ScTjWWh_3273-HRSCAF-5124	1015	776597521
scaffold_group109	ScTjWWh_3274-HRSCAF-5126	1902	776599423
scaffold_group109	ScTjWWh_3275-HRSCAF-5128	1324	776600747
scaffold_group109	ScTjWWh_3276-HRSCAF-5131	1615	776602362
scaffold_group109	ScTjWWh_3277-HRSCAF-5132	1081	776603443
scaffold_group109	ScTjWWh_3278-HRSCAF-5133	2164	776605607
scaffold_group109	ScTjWWh_3279-HRSCAF-5134	3755	776609362
scaffold_group109	ScTjWWh_3280-HRSCAF-5136	2090	776611452
scaffold_group109	ScTjWWh_3281-HRSCAF-5137	2040	776613492
scaffold_group109	ScTjWWh_3282-HRSCAF-5140	1611	776615103
scaffold_group109	ScTjWWh_3283-HRSCAF-5141	1033	776616136
scaffold_group109	ScTjWWh_3284-HRSCAF-5144	3132	776619268
scaffold_group109	ScTjWWh_3285-HRSCAF-5147	1023	776620291
scaffold_group109	ScTjWWh_3286-HRSCAF-5148	1258	776621549
scaffold_group109	ScTjWWh_3287-HRSCAF-5151	2229	776623778
scaffold_group109	ScTjWWh_3288-HRSCAF-5152	1333	776625111
scaffold_group110	ScTjWWh_3289-HRSCAF-5154	1687	776626798
scaffold_group110	ScTjWWh_3290-HRSCAF-5155	1136	776627934
scaffold_group110	ScTjWWh_3291-HRSCAF-5157	4848	776632782
scaffold_group110	ScTjWWh_3292-HRSCAF-5159	1615	776634397
scaffold_group110	ScTjWWh_3293-HRSCAF-5160	2534	776636931
scaffold_group110	ScTjWWh_3294-HRSCAF-5165	2982	776639913
scaffold_group110	ScTjWWh_3295-HRSCAF-5169	1595	776641508
scaffold_group110	ScTjWWh_3296-HRSCAF-5171	2845	776644353
scaffold_group110	ScTjWWh_3297-HRSCAF-5173	2721	776647074
scaffold_group110	ScTjWWh_3298-HRSCAF-5174	2681	776649755
scaffold_group110	ScTjWWh_3299-HRSCAF-5177	1685	776651440
scaffold_group110	ScTjWWh_3300-HRSCAF-5178	1314	776652754
scaffold_group110	ScTjWWh_3301-HRSCAF-5179	3089	776655843
scaffold_group110	ScTjWWh_3302-HRSCAF-5180	2821	776658664
scaffold_group110	ScTjWWh_3303-HRSCAF-5181	1428	776660092
scaffold_group110	ScTjWWh_3304-HRSCAF-5184	1816	776661908
scaffold_group110	ScTjWWh_3305-HRSCAF-5185	1003	776662911
scaffold_group110	ScTjWWh_3306-HRSCAF-5187	1988	776664899
scaffold_group110	ScTjWWh_3307-HRSCAF-5188	1070	776665969
scaffold_group110	ScTjWWh_3308-HRSCAF-5189	3248	776669217
scaffold_group110	ScTjWWh_3309-HRSCAF-5195	2097	776671314
scaffold_group110	ScTjWWh_3310-HRSCAF-5196	1325	776672639
scaffold_group110	ScTjWWh_3311-HRSCAF-5198	1419	776674058
scaffold_group110	ScTjWWh_3312-HRSCAF-5199	1588	776675646
scaffold_group110	ScTjWWh_3313-HRSCAF-5200	2826	776678472
scaffold_group110	ScTjWWh_3314-HRSCAF-5201	1012	776679484
scaffold_group110	ScTjWWh_3315-HRSCAF-5202	1288	776680772
scaffold_group110	ScTjWWh_3316-HRSCAF-5203	1325	776682097
scaffold_group110	ScTjWWh_3317-HRSCAF-5204	1122	776683219
scaffold_group110	ScTjWWh_3318-HRSCAF-5205	3031	776686250
scaffold_group111	ScTjWWh_3319-HRSCAF-5206	1120	776687370
scaffold_group111	ScTjWWh_3320-HRSCAF-5207	1125	776688495
scaffold_group111	ScTjWWh_3321-HRSCAF-5209	1478	776689973
scaffold_group111	ScTjWWh_3322-HRSCAF-5213	1220	776691193
scaffold_group111	ScTjWWh_3323-HRSCAF-5215	1059	776692252
scaffold_group111	ScTjWWh_3324-HRSCAF-5216	1114	776693366
scaffold_group111	ScTjWWh_3325-HRSCAF-5218	1086	776694452
scaffold_group111	ScTjWWh_3326-HRSCAF-5220	2516	776696968
scaffold_group111	ScTjWWh_3327-HRSCAF-5221	1025	776697993
scaffold_group111	ScTjWWh_3328-HRSCAF-5222	3521	776701514
scaffold_group111	ScTjWWh_3329-HRSCAF-5223	1025	776702539
scaffold_group111	ScTjWWh_3330-HRSCAF-5224	1143	776703682
scaffold_group111	ScTjWWh_3331-HRSCAF-5227	1900	776705582
scaffold_group111	ScTjWWh_3332-HRSCAF-5228	1971	776707553
scaffold_group111	ScTjWWh_3333-HRSCAF-5229	1282	776708835
scaffold_group111	ScTjWWh_3334-HRSCAF-5230	2396	776711231
scaffold_group111	ScTjWWh_3335-HRSCAF-5234	1183	776712414
scaffold_group111	ScTjWWh_3336-HRSCAF-5235	1474	776713888
scaffold_group111	ScTjWWh_3337-HRSCAF-5237	2342	776716230
scaffold_group111	ScTjWWh_3338-HRSCAF-5239	1090	776717320
scaffold_group111	ScTjWWh_3339-HRSCAF-5240	2011	776719331
scaffold_group111	ScTjWWh_3340-HRSCAF-5241	1213	776720544
scaffold_group111	ScTjWWh_3341-HRSCAF-5242	4520	776725064
scaffold_group111	ScTjWWh_3342-HRSCAF-5243	1748	776726812
scaffold_group111	ScTjWWh_3343-HRSCAF-5244	1850	776728662
scaffold_group111	ScTjWWh_3344-HRSCAF-5246	1009	776729671
scaffold_group111	ScTjWWh_3345-HRSCAF-5248	2106	776731777
scaffold_group111	ScTjWWh_3346-HRSCAF-5251	1918	776733695
scaffold_group111	ScTjWWh_3347-HRSCAF-5253	1310	776735005
scaffold_group111	ScTjWWh_3348-HRSCAF-5255	3065	776738070
scaffold_group112	ScTjWWh_3349-HRSCAF-5257	1024	776739094
scaffold_group112	ScTjWWh_3350-HRSCAF-5258	1890	776740984
scaffold_group112	ScTjWWh_3351-HRSCAF-5260	1100	776742084
scaffold_group112	ScTjWWh_3352-HRSCAF-5261	1001	776743085
scaffold_group112	ScTjWWh_3353-HRSCAF-5263	1865	776744950
scaffold_group112	ScTjWWh_3354-HRSCAF-5265	1371	776746321
scaffold_group112	ScTjWWh_3355-HRSCAF-5268	1620	776747941
scaffold_group112	ScTjWWh_3356-HRSCAF-5270	1693	776749634
scaffold_group112	ScTjWWh_3357-HRSCAF-5271	1272	776750906
scaffold_group112	ScTjWWh_3358-HRSCAF-5272	1391	776752297
scaffold_group112	ScTjWWh_3359-HRSCAF-5274	2661	776754958
scaffold_group112	ScTjWWh_3360-HRSCAF-5275	1262	776756220
scaffold_group112	ScTjWWh_3361-HRSCAF-5277	1429	776757649
scaffold_group112	ScTjWWh_3362-HRSCAF-5278	1229	776758878
scaffold_group112	ScTjWWh_3363-HRSCAF-5279	1389	776760267
scaffold_group112	ScTjWWh_3364-HRSCAF-5280	1181	776761448
scaffold_group112	ScTjWWh_3365-HRSCAF-5281	2138	776763586
scaffold_group112	ScTjWWh_3366-HRSCAF-5282	1695	776765281
scaffold_group112	ScTjWWh_3367-HRSCAF-5283	1531	776766812
scaffold_group112	ScTjWWh_3368-HRSCAF-5284	5922	776772734
scaffold_group112	ScTjWWh_3369-HRSCAF-5285	1425	776774159
scaffold_group112	ScTjWWh_3370-HRSCAF-5286	2036	776776195
scaffold_group112	ScTjWWh_3371-HRSCAF-5287	2487	776778682
scaffold_group112	ScTjWWh_3372-HRSCAF-5289	1183	776779865
scaffold_group112	ScTjWWh_3373-HRSCAF-5290	1388	776781253
scaffold_group112	ScTjWWh_3374-HRSCAF-5291	1595	776782848
scaffold_group112	ScTjWWh_3375-HRSCAF-5292	1369	776784217
scaffold_group112	ScTjWWh_3376-HRSCAF-5295	2281	776786498
scaffold_group112	ScTjWWh_3377-HRSCAF-5296	2364	776788862
scaffold_group112	ScTjWWh_3378-HRSCAF-5297	1732	776790594
scaffold_group113	ScTjWWh_3379-HRSCAF-5298	1872	776792466
scaffold_group113	ScTjWWh_3380-HRSCAF-5299	2661	776795127
scaffold_group113	ScTjWWh_3381-HRSCAF-5301	1950	776797077
scaffold_group113	ScTjWWh_3382-HRSCAF-5302	2037	776799114
scaffold_group113	ScTjWWh_3383-HRSCAF-5303	1266	776800380
scaffold_group113	ScTjWWh_3384-HRSCAF-5305	1451	776801831
scaffold_group113	ScTjWWh_3385-HRSCAF-5309	1058	776802889
scaffold_group113	ScTjWWh_3386-HRSCAF-5310	2263	776805152
scaffold_group113	ScTjWWh_3387-HRSCAF-5311	1018	776806170
scaffold_group113	ScTjWWh_3388-HRSCAF-5314	1121	776807291
scaffold_group113	ScTjWWh_3389-HRSCAF-5318	3695	776810986
scaffold_group113	ScTjWWh_3390-HRSCAF-5319	1344	776812330
scaffold_group113	ScTjWWh_3391-HRSCAF-5320	2769	776815099
scaffold_group113	ScTjWWh_3392-HRSCAF-5321	6268	776821367
scaffold_group113	ScTjWWh_3393-HRSCAF-5322	1468	776822835
scaffold_group113	ScTjWWh_3394-HRSCAF-5323	1231	776824066
scaffold_group113	ScTjWWh_3395-HRSCAF-5324	1476	776825542
scaffold_group113	ScTjWWh_3396-HRSCAF-5326	1748	776827290
scaffold_group113	ScTjWWh_3397-HRSCAF-5327	4032	776831322
scaffold_group113	ScTjWWh_3398-HRSCAF-5328	1157	776832479
scaffold_group113	ScTjWWh_3399-HRSCAF-5329	2155	776834634
scaffold_group113	ScTjWWh_3400-HRSCAF-5333	1609	776836243
scaffold_group113	ScTjWWh_3401-HRSCAF-5334	1141	776837384
scaffold_group113	ScTjWWh_3402-HRSCAF-5335	1692	776839076
scaffold_group113	ScTjWWh_3403-HRSCAF-5336	1264	776840340
scaffold_group113	ScTjWWh_3404-HRSCAF-5337	1504	776841844
scaffold_group113	ScTjWWh_3405-HRSCAF-5338	1017	776842861
scaffold_group113	ScTjWWh_3406-HRSCAF-5339	1121	776843982
scaffold_group113	ScTjWWh_3407-HRSCAF-5340	2499	776846481
scaffold_group113	ScTjWWh_3408-HRSCAF-5342	1293	776847774
scaffold_group114	ScTjWWh_3409-HRSCAF-5343	1701	776849475
scaffold_group114	ScTjWWh_3410-HRSCAF-5344	1234	776850709
scaffold_group114	ScTjWWh_3411-HRSCAF-5346	1051	776851760
scaffold_group114	ScTjWWh_3412-HRSCAF-5347	1967	776853727
scaffold_group114	ScTjWWh_3413-HRSCAF-5351	1765	776855492
scaffold_group114	ScTjWWh_3414-HRSCAF-5352	1242	776856734
scaffold_group114	ScTjWWh_3415-HRSCAF-5353	1056	776857790
scaffold_group114	ScTjWWh_3416-HRSCAF-5354	1107	776858897
scaffold_group114	ScTjWWh_3417-HRSCAF-5355	1255	776860152
scaffold_group114	ScTjWWh_3418-HRSCAF-5356	1164	776861316
scaffold_group114	ScTjWWh_3419-HRSCAF-5357	2782	776864098
scaffold_group114	ScTjWWh_3420-HRSCAF-5359	1358	776865456
scaffold_group114	ScTjWWh_3421-HRSCAF-5360	1700	776867156
scaffold_group114	ScTjWWh_3422-HRSCAF-5362	1102	776868258
scaffold_group114	ScTjWWh_3423-HRSCAF-5366	1034	776869292
scaffold_group114	ScTjWWh_3424-HRSCAF-5367	1075	776870367
scaffold_group114	ScTjWWh_3425-HRSCAF-5368	2984	776873351
scaffold_group114	ScTjWWh_3426-HRSCAF-5369	1121	776874472
scaffold_group114	ScTjWWh_3427-HRSCAF-5370	1931	776876403
scaffold_group114	ScTjWWh_3428-HRSCAF-5372	1364	776877767
scaffold_group114	ScTjWWh_3429-HRSCAF-5375	2490	776880257
scaffold_group114	ScTjWWh_3430-HRSCAF-5376	1934	776882191
scaffold_group114	ScTjWWh_3431-HRSCAF-5377	1593	776883784
scaffold_group114	ScTjWWh_3432-HRSCAF-5378	1905	776885689
scaffold_group114	ScTjWWh_3433-HRSCAF-5379	1302	776886991
scaffold_group114	ScTjWWh_3434-HRSCAF-5380	1338	776888329
scaffold_group114	ScTjWWh_3435-HRSCAF-5381	2263	776890592
scaffold_group114	ScTjWWh_3436-HRSCAF-5382	1818	776892410
scaffold_group114	ScTjWWh_3437-HRSCAF-5383	1533	776893943
scaffold_group114	ScTjWWh_3438-HRSCAF-5385	1469	776895412
scaffold_group115	ScTjWWh_3439-HRSCAF-5390	1705	776897117
scaffold_group115	ScTjWWh_3440-HRSCAF-5391	1602	776898719
scaffold_group115	ScTjWWh_3441-HRSCAF-5392	1141	776899860
scaffold_group115	ScTjWWh_3442-HRSCAF-5395	3861	776903721
scaffold_group115	ScTjWWh_3443-HRSCAF-5397	1323	776905044
scaffold_group115	ScTjWWh_3444-HRSCAF-5398	1086	776906130
scaffold_group115	ScTjWWh_3445-HRSCAF-5399	1277	776907407
scaffold_group115	ScTjWWh_3446-HRSCAF-5402	1130	776908537
scaffold_group115	ScTjWWh_3447-HRSCAF-5403	1067	776909604
scaffold_group115	ScTjWWh_3448-HRSCAF-5404	1180	776910784
scaffold_group115	ScTjWWh_3449-HRSCAF-5405	1657	776912441
scaffold_group115	ScTjWWh_3450-HRSCAF-5406	1101	776913542
scaffold_group115	ScTjWWh_3451-HRSCAF-5407	1194	776914736
scaffold_group115	ScTjWWh_3452-HRSCAF-5408	1466	776916202
scaffold_group115	ScTjWWh_3453-HRSCAF-5409	1331	776917533
scaffold_group115	ScTjWWh_3454-HRSCAF-5410	1873	776919406
scaffold_group115	ScTjWWh_3455-HRSCAF-5412	1257	776920663
scaffold_group115	ScTjWWh_3456-HRSCAF-5413	1208	776921871
scaffold_group115	ScTjWWh_3457-HRSCAF-5414	1679	776923550
scaffold_group115	ScTjWWh_3458-HRSCAF-5415	1636	776925186
scaffold_group115	ScTjWWh_3459-HRSCAF-5416	1007	776926193
scaffold_group115	ScTjWWh_3460-HRSCAF-5417	3130	776929323
scaffold_group115	ScTjWWh_3461-HRSCAF-5418	3384	776932707
scaffold_group115	ScTjWWh_3462-HRSCAF-5420	1587	776934294
scaffold_group115	ScTjWWh_3463-HRSCAF-5421	1359	776935653
scaffold_group115	ScTjWWh_3464-HRSCAF-5423	2949	776938602
scaffold_group115	ScTjWWh_3465-HRSCAF-5425	1280	776939882
scaffold_group115	ScTjWWh_3466-HRSCAF-5427	1448	776941330
scaffold_group115	ScTjWWh_3467-HRSCAF-5428	1889	776943219
scaffold_group115	ScTjWWh_3468-HRSCAF-5429	1691	776944910
scaffold_group116	ScTjWWh_3469-HRSCAF-5431	1233	776946143
scaffold_group116	ScTjWWh_3470-HRSCAF-5433	1612	776947755
scaffold_group116	ScTjWWh_3471-HRSCAF-5434	1356	776949111
scaffold_group116	ScTjWWh_3472-HRSCAF-5435	3043	776952154
scaffold_group116	ScTjWWh_3473-HRSCAF-5436	1210	776953364
scaffold_group116	ScTjWWh_3474-HRSCAF-5438	1848	776955212
scaffold_group116	ScTjWWh_3475-HRSCAF-5439	2159	776957371
scaffold_group116	ScTjWWh_3476-HRSCAF-5441	1028	776958399
scaffold_group116	ScTjWWh_3477-HRSCAF-5444	1092	776959491
scaffold_group116	ScTjWWh_3478-HRSCAF-5445	1893	776961384
scaffold_group116	ScTjWWh_3479-HRSCAF-5446	1018	776962402
scaffold_group116	ScTjWWh_3480-HRSCAF-5447	1200	776963602
scaffold_group116	ScTjWWh_3481-HRSCAF-5448	1063	776964665
scaffold_group116	ScTjWWh_3482-HRSCAF-5450	1668	776966333
scaffold_group116	ScTjWWh_3483-HRSCAF-5451	1334	776967667
scaffold_group116	ScTjWWh_3484-HRSCAF-5453	6825	776974492
scaffold_group116	ScTjWWh_3485-HRSCAF-5454	1188	776975680
scaffold_group116	ScTjWWh_3486-HRSCAF-5455	1372	776977052
scaffold_group116	ScTjWWh_3487-HRSCAF-5456	1115	776978167
scaffold_group116	ScTjWWh_3488-HRSCAF-5457	1408	776979575
scaffold_group116	ScTjWWh_3489-HRSCAF-5460	1275	776980850
scaffold_group116	ScTjWWh_3490-HRSCAF-5461	1504	776982354
scaffold_group116	ScTjWWh_3491-HRSCAF-5462	2944	776985298
scaffold_group116	ScTjWWh_3492-HRSCAF-5463	1990	776987288
scaffold_group116	ScTjWWh_3493-HRSCAF-5464	1472	776988760
scaffold_group116	ScTjWWh_3494-HRSCAF-5465	2236	776990996
scaffold_group116	ScTjWWh_3495-HRSCAF-5466	1409	776992405
scaffold_group116	ScTjWWh_3496-HRSCAF-5467	1361	776993766
scaffold_group116	ScTjWWh_3497-HRSCAF-5468	1270	776995036
scaffold_group116	ScTjWWh_3498-HRSCAF-5469	1923	776996959
scaffold_group117	ScTjWWh_3499-HRSCAF-5470	2974	776999933
scaffold_group117	ScTjWWh_3500-HRSCAF-5471	1017	777000950
scaffold_group117	ScTjWWh_3501-HRSCAF-5472	1094	777002044
scaffold_group117	ScTjWWh_3502-HRSCAF-5473	1413	777003457
scaffold_group117	ScTjWWh_3503-HRSCAF-5474	1345	777004802
scaffold_group117	ScTjWWh_3504-HRSCAF-5475	1059	777005861
scaffold_group117	ScTjWWh_3505-HRSCAF-5477	1099	777006960
scaffold_group117	ScTjWWh_3506-HRSCAF-5478	1582	777008542
scaffold_group117	ScTjWWh_3507-HRSCAF-5480	2043	777010585
scaffold_group117	ScTjWWh_3508-HRSCAF-5481	1347	777011932
scaffold_group117	ScTjWWh_3509-HRSCAF-5483	1117	777013049
scaffold_group117	ScTjWWh_3510-HRSCAF-5484	2709	777015758
scaffold_group117	ScTjWWh_3511-HRSCAF-5486	1536	777017294
scaffold_group117	ScTjWWh_3512-HRSCAF-5487	2354	777019648
scaffold_group117	ScTjWWh_3513-HRSCAF-5489	1567	777021215
scaffold_group117	ScTjWWh_3514-HRSCAF-5490	1744	777022959
scaffold_group117	ScTjWWh_3515-HRSCAF-5491	2056	777025015
scaffold_group117	ScTjWWh_3516-HRSCAF-5493	1443	777026458
scaffold_group117	ScTjWWh_3517-HRSCAF-5495	1047	777027505
scaffold_group117	ScTjWWh_3518-HRSCAF-5496	1332	777028837
scaffold_group117	ScTjWWh_3519-HRSCAF-5497	2862	777031699
scaffold_group117	ScTjWWh_3520-HRSCAF-5498	1177	777032876
scaffold_group117	ScTjWWh_3521-HRSCAF-5500	1740	777034616
scaffold_group117	ScTjWWh_3522-HRSCAF-5501	1017	777035633
scaffold_group117	ScTjWWh_3523-HRSCAF-5502	1998	777037631
scaffold_group117	ScTjWWh_3524-HRSCAF-5503	1755	777039386
scaffold_group117	ScTjWWh_3525-HRSCAF-5505	1218	777040604
scaffold_group117	ScTjWWh_3526-HRSCAF-5506	1139	777041743
scaffold_group117	ScTjWWh_3527-HRSCAF-5507	1378	777043121
scaffold_group117	ScTjWWh_3528-HRSCAF-5508	1351	777044472
scaffold_group118	ScTjWWh_3529-HRSCAF-5509	1351	777045823
scaffold_group118	ScTjWWh_3530-HRSCAF-5510	1612	777047435
scaffold_group118	ScTjWWh_3531-HRSCAF-5511	1251	777048686
scaffold_group118	ScTjWWh_3532-HRSCAF-5514	2260	777050946
scaffold_group118	ScTjWWh_3533-HRSCAF-5515	1619	777052565
scaffold_group118	ScTjWWh_3534-HRSCAF-5517	1213	777053778
scaffold_group118	ScTjWWh_3535-HRSCAF-5518	4153	777057931
scaffold_group118	ScTjWWh_3536-HRSCAF-5519	2646	777060577
scaffold_group118	ScTjWWh_3537-HRSCAF-5520	1624	777062201
scaffold_group118	ScTjWWh_3538-HRSCAF-5521	1363	777063564
scaffold_group118	ScTjWWh_3539-HRSCAF-5523	1698	777065262
scaffold_group118	ScTjWWh_3540-HRSCAF-5527	1170	777066432
scaffold_group118	ScTjWWh_3541-HRSCAF-5529	1194	777067626
scaffold_group118	ScTjWWh_3542-HRSCAF-5530	2102	777069728
scaffold_group118	ScTjWWh_3543-HRSCAF-5531	2062	777071790
scaffold_group118	ScTjWWh_3544-HRSCAF-5533	1312	777073102
scaffold_group118	ScTjWWh_3545-HRSCAF-5534	2587	777075689
scaffold_group118	ScTjWWh_3546-HRSCAF-5535	1270	777076959
scaffold_group118	ScTjWWh_3547-HRSCAF-5536	3812	777080771
scaffold_group118	ScTjWWh_3548-HRSCAF-5539	2022	777082793
scaffold_group118	ScTjWWh_3549-HRSCAF-5540	1537	777084330
scaffold_group118	ScTjWWh_3550-HRSCAF-5541	1787	777086117
scaffold_group118	ScTjWWh_3551-HRSCAF-5544	1090	777087207
scaffold_group118	ScTjWWh_3552-HRSCAF-5545	3438	777090645
scaffold_group118	ScTjWWh_3553-HRSCAF-5547	1653	777092298
scaffold_group118	ScTjWWh_3554-HRSCAF-5548	1317	777093615
scaffold_group118	ScTjWWh_3555-HRSCAF-5549	1118	777094733
scaffold_group118	ScTjWWh_3556-HRSCAF-5550	1126	777095859
scaffold_group118	ScTjWWh_3557-HRSCAF-5551	2256	777098115
scaffold_group118	ScTjWWh_3558-HRSCAF-5553	1716	777099831
scaffold_group119	ScTjWWh_3559-HRSCAF-5554	1182	777101013
scaffold_group119	ScTjWWh_3560-HRSCAF-5555	2319	777103332
scaffold_group119	ScTjWWh_3561-HRSCAF-5556	1802	777105134
scaffold_group119	ScTjWWh_3562-HRSCAF-5558	5408	777110542
scaffold_group119	ScTjWWh_3563-HRSCAF-5559	1278	777111820
scaffold_group119	ScTjWWh_3564-HRSCAF-5560	4796	777116616
scaffold_group119	ScTjWWh_3565-HRSCAF-5561	1534	777118150
scaffold_group119	ScTjWWh_3566-HRSCAF-5563	1597	777119747
scaffold_group119	ScTjWWh_3567-HRSCAF-5565	1055	777120802
scaffold_group119	ScTjWWh_3568-HRSCAF-5566	1025	777121827
scaffold_group119	ScTjWWh_3569-HRSCAF-5567	1582	777123409
scaffold_group119	ScTjWWh_3570-HRSCAF-5568	1179	777124588
scaffold_group119	ScTjWWh_3571-HRSCAF-5569	1479	777126067
scaffold_group119	ScTjWWh_3572-HRSCAF-5570	1237	777127304
scaffold_group119	ScTjWWh_3573-HRSCAF-5571	1195	777128499
scaffold_group119	ScTjWWh_3574-HRSCAF-5572	1950	777130449
scaffold_group119	ScTjWWh_3575-HRSCAF-5574	1437	777131886
scaffold_group119	ScTjWWh_3576-HRSCAF-5575	1653	777133539
scaffold_group119	ScTjWWh_3577-HRSCAF-5576	1369	777134908
scaffold_group119	ScTjWWh_3578-HRSCAF-5578	2271	777137179
scaffold_group119	ScTjWWh_3579-HRSCAF-5581	1397	777138576
scaffold_group119	ScTjWWh_3580-HRSCAF-5582	1139	777139715
scaffold_group119	ScTjWWh_3581-HRSCAF-5583	1060	777140775
scaffold_group119	ScTjWWh_3582-HRSCAF-5584	2322	777143097
scaffold_group119	ScTjWWh_3583-HRSCAF-5585	1410	777144507
scaffold_group119	ScTjWWh_3584-HRSCAF-5586	1047	777145554
scaffold_group119	ScTjWWh_3585-HRSCAF-5587	1212	777146766
scaffold_group119	ScTjWWh_3586-HRSCAF-5588	1197	777147963
scaffold_group119	ScTjWWh_3587-HRSCAF-5589	1261	777149224
scaffold_group119	ScTjWWh_3588-HRSCAF-5590	1242	777150466
scaffold_group120	ScTjWWh_3589-HRSCAF-5592	1070	777151536
scaffold_group120	ScTjWWh_3590-HRSCAF-5593	1067	777152603
scaffold_group120	ScTjWWh_3591-HRSCAF-5594	2621	777155224
scaffold_group120	ScTjWWh_3592-HRSCAF-5595	1821	777157045
scaffold_group120	ScTjWWh_3593-HRSCAF-5596	2144	777159189
scaffold_group120	ScTjWWh_3594-HRSCAF-5600	1377	777160566
scaffold_group120	ScTjWWh_3595-HRSCAF-5602	1213	777161779
scaffold_group120	ScTjWWh_3596-HRSCAF-5606	1089	777162868
scaffold_group120	ScTjWWh_3597-HRSCAF-5607	3995	777166863
scaffold_group120	ScTjWWh_3598-HRSCAF-5609	1491	777168354
scaffold_group120	ScTjWWh_3599-HRSCAF-5610	1444	777169798
scaffold_group120	ScTjWWh_3600-HRSCAF-5611	1903	777171701
scaffold_group120	ScTjWWh_3601-HRSCAF-5612	2875	777174576
scaffold_group120	ScTjWWh_3602-HRSCAF-5614	1573	777176149
scaffold_group120	ScTjWWh_3603-HRSCAF-5615	1485	777177634
scaffold_group120	ScTjWWh_3604-HRSCAF-5616	2356	777179990
scaffold_group120	ScTjWWh_3605-HRSCAF-5618	1174	777181164
scaffold_group120	ScTjWWh_3606-HRSCAF-5619	1957	777183121
scaffold_group120	ScTjWWh_3607-HRSCAF-5621	92407	777275528
scaffold_group120	ScTjWWh_3608-HRSCAF-5623	1045	777276573
scaffold_group120	ScTjWWh_3609-HRSCAF-5624	2989	777279562
scaffold_group120	ScTjWWh_3610-HRSCAF-5626	1044	777280606
scaffold_group120	ScTjWWh_3611-HRSCAF-5628	2120	777282726
scaffold_group120	ScTjWWh_3612-HRSCAF-5629	2269	777284995
scaffold_group120	ScTjWWh_3613-HRSCAF-5630	1034	777286029
scaffold_group120	ScTjWWh_3614-HRSCAF-5631	1871	777287900
scaffold_group120	ScTjWWh_3615-HRSCAF-5632	1986	777289886
scaffold_group120	ScTjWWh_3616-HRSCAF-5633	1200	777291086
scaffold_group120	ScTjWWh_3617-HRSCAF-5635	1806	777292892
scaffold_group120	ScTjWWh_3618-HRSCAF-5636	1600	777294492
scaffold_group121	ScTjWWh_3619-HRSCAF-5638	2508	777297000
scaffold_group121	ScTjWWh_3620-HRSCAF-5640	2331	777299331
scaffold_group121	ScTjWWh_3621-HRSCAF-5641	1044	777300375
scaffold_group121	ScTjWWh_3622-HRSCAF-5642	2383	777302758
scaffold_group121	ScTjWWh_3623-HRSCAF-5643	1972	777304730
scaffold_group121	ScTjWWh_3624-HRSCAF-5644	1129	777305859
scaffold_group121	ScTjWWh_3625-HRSCAF-5645	1220	777307079
scaffold_group121	ScTjWWh_3626-HRSCAF-5647	1408	777308487
scaffold_group121	ScTjWWh_3627-HRSCAF-5648	2874	777311361
scaffold_group121	ScTjWWh_3628-HRSCAF-5649	1901	777313262
scaffold_group121	ScTjWWh_3629-HRSCAF-5650	1430	777314692
scaffold_group121	ScTjWWh_3630-HRSCAF-5651	7213	777321905
scaffold_group121	ScTjWWh_3631-HRSCAF-5652	3045	777324950
scaffold_group121	ScTjWWh_3632-HRSCAF-5653	1008	777325958
scaffold_group121	ScTjWWh_3633-HRSCAF-5654	2550	777328508
scaffold_group121	ScTjWWh_3634-HRSCAF-5655	3396	777331904
scaffold_group121	ScTjWWh_3635-HRSCAF-5657	1454	777333358
scaffold_group121	ScTjWWh_3636-HRSCAF-5658	1006	777334364
scaffold_group121	ScTjWWh_3637-HRSCAF-5660	1504	777335868
scaffold_group121	ScTjWWh_3638-HRSCAF-5661	2737	777338605
scaffold_group121	ScTjWWh_3639-HRSCAF-5662	1466	777340071
scaffold_group121	ScTjWWh_3640-HRSCAF-5663	1717	777341788
scaffold_group121	ScTjWWh_3641-HRSCAF-5664	1794	777343582
scaffold_group121	ScTjWWh_3642-HRSCAF-5665	1982	777345564
scaffold_group121	ScTjWWh_3643-HRSCAF-5666	2193	777347757
scaffold_group121	ScTjWWh_3644-HRSCAF-5667	2151	777349908
scaffold_group121	ScTjWWh_3645-HRSCAF-5668	1076	777350984
scaffold_group121	ScTjWWh_3646-HRSCAF-5669	3464	777354448
scaffold_group121	ScTjWWh_3647-HRSCAF-5670	1184	777355632
scaffold_group121	ScTjWWh_3648-HRSCAF-5671	1801	777357433
scaffold_group122	ScTjWWh_3649-HRSCAF-5672	1439	777358872
scaffold_group122	ScTjWWh_3650-HRSCAF-5675	1798	777360670
scaffold_group122	ScTjWWh_3651-HRSCAF-5677	1849	777362519
scaffold_group122	ScTjWWh_3652-HRSCAF-5678	1568	777364087
scaffold_group122	ScTjWWh_3653-HRSCAF-5679	1010	777365097
scaffold_group122	ScTjWWh_3654-HRSCAF-5680	2362	777367459
scaffold_group122	ScTjWWh_3657-HRSCAF-6020	87212	899965107
